0 0.47947214076246336 0.125 0.04252199413489736 0.06458333333333334
0 0.883232771260997 0.23959635416666666 0.034793988269794726 0.047942708333333334
0 0.990283724340176 0.4302578125 0.018690615835777125 0.058432291666666664
0 0.9450879765395894 0.5109510416666666 0.03533724340175953 0.053152083333333336
0 0.9091642228739002 0.6697796875 0.03680351906158358 0.049976041666666665
0 0.7822287390029325 0.9578151041666667 0.032199413489736074 0.04688020833333333
0 0.5753848973607039 0.9059020833333334 0.03200146627565982 0.04930416666666667
0 0.6726539589442815 0.8 0.04032258064516129 0.06666666666666667
0 0.65525 0.7029927083333334 0.045104105571847505 0.06431875000000001
0 0.5395527859237537 0.7228781249999999 0.035117302052785924 0.04992291666666667
0 0.4635630498533724 0.6707411458333333 0.029765395894428153 0.043565625000000004
0 0.45784457478005863 0.5203125 0.041788856304985335 0.06145833333333333
0 0.6337976539589443 0.46197916666666666 0.04032258064516129 0.06145833333333333
0 0.3849244868035191 0.28442239583333334 0.03524486803519061 0.052178125
0 0.2250733137829912 0.4015625 0.039589442815249266 0.059375
0 0.11383614369501467 0.5621166666666666 0.034123900293255134 0.05131666666666667
0 0.19888196480938414 0.6577749999999999 0.03706011730205278 0.05305
0 0.18621700879765396 0.8484375 0.039589442815249266 0.06354166666666666
0 0.23313782991202345 0.934375 0.0469208211143695 0.06458333333333334
0 0.3862338709677419 0.3945348958333333 0.03932991202346041 0.061986458333333334
0 0.3708134164222874 0.35928645833333334 0.034881964809384165 0.05607291666666667
0 0.5783519061583577 0.639859375 0.02473900293255132 0.03596875
0 0.5881510263929619 0.6111911458333333 0.047269794721407625 0.061965625
0 0.6266052052785923 0.3049817708333334 0.04206671554252199 0.05788020833333333
0 0.6206561583577713 0.3385598958333333 0.04043255131964809 0.058369791666666664
0 0.030618768328445744 0.3110421875 0.03484457478005865 0.04916770833333333
0 0.028719208211143696 0.35247968749999997 0.03251173020527859 0.042459375
0 0.031833211143695014 0.18219322916666666 0.03287463343108504 0.047719791666666664
0 0.013041055718475074 0.16571510416666665 0.026082111436950148 0.05226354166666667
