0 0.4934017595307918 0.284375 0.03372434017595308 0.05
0 0.6066715542521994 0.46145833333333336 0.032991202346041054 0.04791666666666667
0 0.5324890029325514 0.37106614583333336 0.029787390029325515 0.046298958333333334
0 0.44868035190615835 0.3609375 0.02932551319648094 0.040625
0 0.7016129032258065 0.5567708333333333 0.02785923753665689 0.03854166666666667
0 0.6480938416422287 0.6807291666666667 0.03519061583577713 0.046875
0 0.7265395894428153 0.7598958333333333 0.03372434017595308 0.04479166666666667
0 0.7991202346041055 0.9473958333333333 0.03372434017595308 0.04479166666666667
0 0.3874633431085044 0.834375 0.032991202346041054 0.04583333333333333
0 0.30791788856304986 0.9020833333333333 0.030791788856304986 0.041666666666666664
0 0.3343108504398827 0.9854166666666667 0.02785923753665689 0.027083333333333334
0 0.2283724340175953 0.6994791666666667 0.03152492668621701 0.04479166666666667
0 0.07954545454545454 0.45416666666666666 0.03152492668621701 0.04375
0 0.22947214076246333 0.5380208333333333 0.02932551319648094 0.042708333333333334
0 0.2624633431085044 0.5807291666666666 0.030791788856304986 0.042708333333333334
0 0.3662023460410557 0.5208333333333334 0.030058651026392963 0.041666666666666664
0 0.3255131964809384 0.303125 0.036656891495601175 0.04791666666666667
0 0.1777859237536657 0.2713541666666667 0.032991202346041054 0.046875
0 0.22690615835777125 0.15729166666666666 0.0344574780058651 0.04791666666666667
0 0.14846041055718476 0.41822916666666665 0.03152492668621701 0.04479166666666667
0 0.05498533724340176 0.20625 0.02932551319648094 0.035416666666666666
0 0.4435483870967742 0.090625 0.030791788856304986 0.04375
0 0.41681854838709675 0.1080421875 0.03451686217008798 0.05150104166666667
0 0.4274193548387097 0.14791666666666667 0.02785923753665689 0.041666666666666664
0 0.29575036656891496 0.6211270833333333 0.029917155425219943 0.04850416666666667
0 0.30832148093841644 0.588071875 0.031598973607038124 0.04281041666666666
0 0.3065601173020528 0.4272927083333334 0.029542521994134898 0.04625208333333333
0 0.3245443548387097 0.41018177083333335 0.0317866568914956 0.043280208333333334
0 0.5083130498533724 0.38329739583333333 0.026890029325513196 0.03951145833333333
0 0.06354728739002932 0.05895052083333333 0.030320381231671554 0.040817708333333334
0 0.04711693548387097 0.0337 0.02971774193548387 0.04031666666666667
0 0.08708321114369501 0.016803645833333335 0.030471407624633434 0.03152395833333334
0 0.08754875366568915 0.05035104166666667 0.02700366568914956 0.03195208333333333
0 0.09565432551319648 0.0797125 0.0300183284457478 0.042758333333333336
0 0.09046847507331378 0.118371875 0.03137683284457478 0.042993750000000004
0 0.0666308651026393 0.09566354166666667 0.030622434017595308 0.03924375
0 0.06337536656891496 0.1333578125 0.02851026392961877 0.041715625
0 0.08081964809384164 0.15613020833333333 0.028208211143695015 0.039343750000000004
0 0.10644061583577713 0.14237968750000002 0.03106304985337243 0.047259375
0 0.12274743401759532 0.17540833333333333 0.03288489736070381 0.044566666666666664
0 0.15409310850439883 0.18716145833333334 0.03545894428152493 0.04932291666666667
0 0.13726209677419354 0.21960156249999999 0.03992008797653959 0.051703124999999996
0 0.17541239002932552 0.37319114583333335 0.03557551319648094 0.048465625
0 0.1464974340175953 0.3172578125 0.03786290322580645 0.04909895833333333
0 0.15054325513196481 0.3608291666666667 0.02835923753665689 0.036241666666666665
0 0.12553115835777126 0.38242812499999995 0.03112096774193548 0.04610625
0 0.10609054252199414 0.3598484375 0.0318291788856305 0.04053020833333333
0 0.1251473607038123 0.29816145833333335 0.03181964809384164 0.04215625
0 0.0843658357771261 0.32735416666666667 0.033834310850439885 0.046375000000000006
0 0.0978449413489736 0.29291822916666665 0.027068181818181818 0.04208645833333333
0 0.11039552785923754 0.2696104166666667 0.03457404692082111 0.037137500000000004
0 0.08798607038123167 0.26270937499999997 0.03374340175953079 0.04208541666666667
0 0.05747617302052786 0.2645578125 0.02844208211143695 0.03953229166666667
0 0.0720425219941349 0.2940510416666667 0.032648093841642224 0.04226875
0 0.04143071847507331 0.3003828125 0.028609237536656895 0.04034895833333333
0 0.030078812316715546 0.2655135416666667 0.026433284457478005 0.037277083333333336
0 0.019309384164222874 0.29336979166666666 0.029821114369501467 0.04298958333333334
