0 0.012829912023460411 0.15572916666666667 0.025659824046920823 0.04479166666666667
0 0.3845307917888563 0.178125 0.03592375366568915 0.04791666666666667
0 0.47653958944281527 0.3729166666666667 0.02346041055718475 0.03333333333333333
0 0.312316715542522 0.3265625 0.03372434017595308 0.046875
0 0.2701612903225806 0.3671875 0.0344574780058651 0.053125
0 0.2844574780058651 0.5385416666666667 0.03372434017595308 0.04583333333333333
0 0.34824046920821117 0.6307291666666667 0.03519061583577713 0.04895833333333333
0 0.5124633431085044 0.6916666666666667 0.03372434017595308 0.04583333333333333
0 0.4714076246334311 0.9552083333333333 0.03225806451612903 0.041666666666666664
0 0.20161290322580644 0.9536458333333333 0.036656891495601175 0.046875
0 0.967008797653959 0.09375 0.03372434017595308 0.04791666666666667
0 0.6204607771260997 0.45089583333333333 0.0341766862170088 0.053875
0 0.5568390762463343 0.7284244791666666 0.037431818181818184 0.05684895833333334
0 0.5517071114369502 0.7695807291666666 0.037431818181818184 0.049578125
0 0.41405535190615833 0.788265625 0.03045674486803519 0.04528125
0 0.4049897360703812 0.82893125 0.031387096774193546 0.04744583333333333
