0 0.06708211143695014 0.30052083333333335 0.03592375366568915 0.053125
0 0.7038123167155426 0.1578125 0.036656891495601175 0.05520833333333333
0 0.7859237536656891 0.3296875 0.036656891495601175 0.051041666666666666
0 0.7558651026392962 0.44114583333333335 0.03372434017595308 0.051041666666666666
0 0.9659090909090909 0.3140625 0.03152492668621701 0.051041666666666666
0 0.9728739002932552 0.5067708333333333 0.02932551319648094 0.04479166666666667
0 0.22397360703812316 0.8369791666666667 0.03152492668621701 0.04895833333333333
0 0.02749266862170088 0.7239583333333334 0.03152492668621701 0.04791666666666667
0 0.015395894428152493 0.9666666666666667 0.030791788856304986 0.05625
0 0.39332844574780057 0.5145833333333333 0.0344574780058651 0.052083333333333336
0 0.33980938416422285 0.6328125 0.03152492668621701 0.051041666666666666
0 0.2892228739002933 0.5489583333333333 0.03592375366568915 0.052083333333333336
0 0.375366568914956 0.378125 0.030791788856304986 0.04791666666666667
0 0.11611473607038124 0.03065625 0.03574853372434018 0.0488125
0 0.12509017595307917 0.06405260416666667 0.03757038123167156 0.046855208333333336
0 0.6440934750733138 0.2998619791666667 0.034521260997067454 0.045557291666666666
0 0.620208211143695 0.30437447916666666 0.03073900293255132 0.04208229166666667
0 0.4717866568914956 0.4233208333333333 0.03301612903225806 0.048725000000000004
0 0.4937947214076247 0.4379135416666667 0.03011143695014663 0.04666041666666666
0 0.4468313782991202 0.7442614583333333 0.03442521994134898 0.048939583333333335
0 0.4685689149560118 0.7295744791666666 0.025114369501466276 0.038315625
0 0.589309017595308 0.7137947916666667 0.03785557184750733 0.050506249999999996
0 0.5833845307917889 0.6714317708333333 0.03920307917888563 0.04911354166666667
0 0.7226876832844574 0.9743807291666666 0.0436158357771261 0.048761458333333334
0 0.7648016862170087 0.9818874999999999 0.038401026392961876 0.03460833333333333
0 0.8053526392961876 0.9805625 0.031526392961876835 0.036125
0 0.9513152492668622 0.9440375 0.030196480938416426 0.035991666666666665
0 0.9311162023460411 0.9280848958333333 0.026455278592375366 0.03741979166666667
