0 0.3185483870967742 0.2942708333333333 0.038856304985337244 0.06145833333333333
0 0.3383431085043988 0.559375 0.04325513196480939 0.06458333333333334
0 0.42045454545454547 0.4979166666666667 0.04472140762463343 0.06666666666666667
0 0.39919354838709675 0.5791666666666667 0.04032258064516129 0.06041666666666667
0 0.37023460410557185 0.6979166666666666 0.04398826979472141 0.06458333333333334
0 0.530791788856305 0.8838541666666667 0.039589442815249266 0.057291666666666664
0 0.3852639296187683 0.9151041666666667 0.038856304985337244 0.06145833333333333
0 0.23057184750733137 0.8822916666666667 0.041788856304985335 0.06041666666666667
0 0.19648093841642228 0.7911458333333333 0.04105571847507331 0.06145833333333333
0 0.658724340175953 0.7322916666666667 0.03592375366568915 0.052083333333333336
0 0.7639296187683284 0.7963541666666667 0.04105571847507331 0.05520833333333333
0 0.782991202346041 0.71875 0.04105571847507331 0.0625
0 0.9013929618768328 0.39010416666666664 0.04325513196480939 0.06979166666666667
0 0.6315982404692082 0.3921875 0.04032258064516129 0.06145833333333333
0 0.6444281524926686 0.30625 0.039589442815249266 0.05625
0 0.954817448680352 0.2697182291666667 0.047464809384164225 0.07485312499999999
0 0.9261184017595308 0.24514583333333334 0.04285263929618768 0.06529166666666666
0 0.08847983870967742 0.3686953125 0.04939369501466276 0.068640625
0 0.09083724340175953 0.30835468749999995 0.04237829912023461 0.052126041666666664
