0 0.4010263929618768 0.34270833333333334 0.030791788856304986 0.04375
0 0.34903299120234604 0.3854166666666667 0.03824193548387097 0.05416666666666667
0 0.2155425219941349 0.38645833333333335 0.03372434017595308 0.04583333333333333
0 0.2106722873900293 0.4784953125 0.03278152492668621 0.04657395833333333
0 0.15732258064516128 0.5557291666666667 0.03458651026392962 0.04895833333333333
0 0.06451612903225806 0.621875 0.03812316715542522 0.052083333333333336
0 0.2206184017595308 0.8192708333333333 0.03361217008797654 0.04895833333333333
0 0.2122434017595308 0.9604166666666667 0.04032258064516129 0.052083333333333336
0 0.3420087976539589 0.8145833333333333 0.0373900293255132 0.04583333333333333
0 0.5531524926686217 0.803125 0.0373900293255132 0.04583333333333333
0 0.8207478005865103 0.8130208333333333 0.0344574780058651 0.053125
0 0.9120234604105572 0.8822916666666667 0.03372434017595308 0.052083333333333336
0 0.906891495601173 0.9692708333333333 0.03372434017595308 0.053125
0 0.9420876099706744 0.7638609375000001 0.03666788856304985 0.05063854166666667
0 0.9659820381231672 0.746853125 0.03606964809384164 0.04787291666666667
0 0.8357771260997068 0.6203125 0.039589442815249266 0.053125
0 0.8321114369501467 0.49759218749999995 0.03372434017595308 0.04726770833333334
0 0.499633431085044 0.5651041666666666 0.03592375366568915 0.051041666666666666
0 0.6631231671554252 0.3723958333333333 0.041788856304985335 0.05520833333333333
0 0.8313782991202346 0.38697916666666665 0.039589442815249266 0.051041666666666666
0 0.7379032258064516 0.19427083333333334 0.032991202346041054 0.046875
0 0.7848240469208211 0.15833333333333333 0.03592375366568915 0.05
0 0.9351173020527859 0.018229166666666668 0.03592375366568915 0.036458333333333336
0 0.7364369501466276 0.028125 0.0373900293255132 0.05625
0 0.2965542521994135 0.1875 0.03592375366568915 0.05625
0 0.33483944281524924 0.07239583333333334 0.03624780058651026 0.046875
0 0.14647947214076246 0.3016875 0.03782697947214076 0.051291666666666666
0 0.15970197947214076 0.2689046875 0.03641275659824047 0.048226041666666664
