0 0.22111290322580646 0.316428125 0.12697653958944283 0.15785625
0 0.10764882697947215 0.32905833333333334 0.11412463343108505 0.1727
0 0.2103350439882698 0.13753437500000001 0.12594868035190618 0.16881875
0 0.2985014662756598 0.068378125 0.13365982404692084 0.13675625
0 0.31271700879765396 0.20628437500000002 0.12543401759530792 0.16881875
0 0.37536693548387096 0.3536885416666667 0.12903299120234604 0.17612708333333332
0 0.5976129032258064 0.23199427083333332 0.12337829912023461 0.166071875
0 0.6829985337243402 0.10160520833333334 0.13725806451612904 0.17612708333333332
0 0.5805491202346041 0.08335989583333332 0.1449692082111437 0.16671979166666664
0 0.16161473607038124 0.5624802083333333 0.12234970674486803 0.16662708333333331
0 0.2619409824046921 0.6538359375 0.11772360703812317 0.16808854166666667
0 0.17694354838709678 0.7683578125 0.12954692082111438 0.18463229166666667
0 0.5764479472140762 0.7528322916666668 0.10744134897360705 0.15566458333333333
0 0.49884934017595306 0.8842026041666667 0.11206818181818182 0.16423854166666668
0 0.6888753665689149 0.7448380208333333 0.10795601173020529 0.160509375
0 0.8025406891495601 0.711421875 0.09921627565982404 0.15201041666666668
0 0.9207657624633432 0.3925078125 0.1069274193548387 0.14543229166666669
0 0.8844127565982405 0.04573854166666667 0.11926539589442815 0.09147708333333333
0 0.9360476539589443 0.6697786458333332 0.10230058651026394 0.15830729166666666
