0 0.5721228005865102 0.16041666666666668 0.11931891495601174 0.17083333333333334
0 0.32445894428152494 0.08484270833333334 0.10786217008797654 0.15093541666666666
0 0.7076455278592375 0.14761614583333332 0.11177199413489736 0.159815625
0 0.5344574780058651 0.5244791666666667 0.10410557184750734 0.15520833333333334
0 0.41972140762463345 0.55625 0.09750733137829912 0.13958333333333334
0 0.3159886363636364 0.6057291666666667 0.10558431085043989 0.15729166666666666
0 0.5615835777126099 0.7518671875 0.10557184750733138 0.153734375
0 0.7132379032258065 0.7380208333333333 0.09803005865102639 0.14270833333333333
0 0.10263929618768329 0.8020833333333334 0.09970674486803519 0.16041666666666668
0 0.047653958944281524 0.6583333333333333 0.09530791788856305 0.16875
0 0.967741935483871 0.36875 0.06304985337243402 0.1375
0 0.7071114369501467 0.025 0.09897360703812316 0.05
0 0.3291788856304985 0.9635416666666666 0.09824046920821114 0.07083333333333333
0 0.6327767595307917 0.6076458333333333 0.12185850439882698 0.16320833333333334
