0 0.31085043988269795 0.40625 0.12316715542521994 0.16666666666666666
0 0.3247800586510264 0.21902291666666668 0.08357771260997067 0.12137916666666666
0 0.5571847507331378 0.3984375 0.12316715542521994 0.16770833333333332
0 0.6781524926686217 0.5140625 0.12609970674486803 0.171875
0 0.7697947214076246 0.32864583333333336 0.1217008797653959 0.16979166666666667
0 0.8801319648093842 0.26979166666666665 0.12243401759530792 0.17291666666666666
0 0.3526392961876833 0.7354166666666667 0.11143695014662756 0.16041666666666668
0 0.31451612903225806 0.8932291666666666 0.11290322580645161 0.146875
0 0.22983870967741934 0.7682291666666666 0.11070381231671554 0.16145833333333334
0 0.4177302052785924 0.17558072916666667 0.1331143695014663 0.18241145833333333
