0 0.3196480938416422 0.2 0.03519061583577713 0.04791666666666667
0 0.5582844574780058 0.3015625 0.03592375366568915 0.04895833333333333
0 0.7701612903225806 0.2859375 0.0344574780058651 0.042708333333333334
0 0.6796187683284457 0.46979166666666666 0.036656891495601175 0.04583333333333333
0 0.7972873900293255 0.6119791666666666 0.03592375366568915 0.04479166666666667
0 0.8621700879765396 0.6651041666666667 0.036656891495601175 0.04479166666666667
0 0.36950146627565983 0.7265625 0.036656891495601175 0.04479166666666667
0 0.5238269794721407 0.978125 0.03592375366568915 0.041666666666666664
0 0.2749266862170088 0.575 0.03372434017595308 0.041666666666666664
0 0.33027859237536655 0.45208333333333334 0.03592375366568915 0.04583333333333333
0 0.06964809384164222 0.39895833333333336 0.036656891495601175 0.041666666666666664
0 0.017595307917888565 0.515625 0.03519061583577713 0.05416666666666667
0 0.013196480938416423 0.6744791666666666 0.026392961876832845 0.046875
0 0.01686217008797654 0.7567708333333333 0.03372434017595308 0.04479166666666667
0 0.011363636363636364 0.7963541666666667 0.022727272727272728 0.04479166666666667
0 0.41935483870967744 0.05677083333333333 0.036656891495601175 0.053125
0 0.1972140762463343 0.084375 0.039589442815249266 0.05416666666666667
0 0.9090909090909091 0.5125 0.03372434017595308 0.041666666666666664
0 0.4731451612903226 0.0906203125 0.035733137829912026 0.049990625
0 0.5042785923753665 0.09180364583333334 0.036416422287390025 0.04610729166666667
0 0.5104391495601174 0.06443802083333333 0.026743401759530792 0.037209374999999996
0 0.5004857038123167 0.03331875 0.03322947214076247 0.0478875
0 0.5652932551319648 0.021129166666666664 0.03527859237536657 0.04225833333333333
0 0.5450934750733138 0.009399999999999999 0.03300219941348974 0.018799999999999997
0 0.5732221407624634 0.35311458333333334 0.03354105571847507 0.0458125
0 0.5522727272727272 0.37621927083333334 0.029765395894428153 0.03993854166666667
0 0.6046033724340176 0.5494807291666667 0.03178739002932551 0.04479479166666667
0 0.6191048387096774 0.5728776041666667 0.03293108504398827 0.04575520833333333
0 0.3845454545454545 0.40439322916666665 0.033020527859237536 0.046286458333333336
0 0.35711363636363636 0.3982833333333333 0.03680791788856305 0.04448333333333333
0 0.9519215542521995 0.507925 0.02994281524926686 0.038766666666666665
0 0.9495278592375366 0.5440208333333333 0.033953079178885626 0.04845833333333334
0 0.9819761730205279 0.5813098958333334 0.02700219941348974 0.03553645833333333
