0 0.694299853372434 0.0861140625 0.017631964809384164 0.028478125
0 0.6992294721407625 0.1806125 0.028957478005865102 0.042475000000000006
0 0.7117151759530792 0.21633072916666668 0.03046847507331378 0.03891145833333333
0 0.5615740469208211 0.21269270833333334 0.02344134897360704 0.03371875
0 0.5123005865102639 0.271803125 0.015803519061583577 0.022772916666666664
0 0.49758944281524925 0.2771619791666666 0.017173020527859236 0.025157291666666668
0 0.4228016862170088 0.320875 0.015691348973607036 0.025083333333333332
0 0.13762280058651027 0.29073072916666665 0.03184384164222874 0.04604479166666667
0 0.08917265395894429 0.7112026041666667 0.025852639296187682 0.03490520833333333
0 0.21674853372434016 0.8211890625 0.027338709677419352 0.042378125
0 0.26154582111436947 0.6711697916666667 0.027490469208211143 0.04025625
0 0.2976928152492669 0.05209479166666666 0.033802052785923756 0.05210625
0 0.7061543255131965 0.5987515625000001 0.02814442815249267 0.037086458333333336
