0 0.2060117302052786 0.06145833333333333 0.02932551319648094 0.03958333333333333
0 0.44611436950146627 0.016145833333333335 0.041788856304985335 0.03229166666666667
0 0.5421554252199413 0.1 0.030058651026392963 0.04583333333333333
0 0.48826979472140764 0.22239583333333332 0.03225806451612903 0.04479166666666667
0 0.5667155425219942 0.3 0.03225806451612903 0.04375
0 0.6396627565982405 0.48854166666666665 0.030058651026392963 0.04375
0 0.2280058651026393 0.37552083333333336 0.03372434017595308 0.046875
0 0.1469941348973607 0.44375 0.030058651026392963 0.04375
0 0.17375366568914957 0.5328125 0.02932551319648094 0.040625
0 0.06854838709677419 0.23958333333333334 0.03152492668621701 0.041666666666666664
0 0.07001466275659823 0.08020833333333334 0.03152492668621701 0.04375
0 0.10153958944281524 0.1203125 0.03152492668621701 0.04479166666666667
0 0.10997067448680352 0.6598958333333333 0.02932551319648094 0.042708333333333334
0 0.18878299120234604 0.8333333333333334 0.028592375366568914 0.03958333333333333
0 0.5102639296187683 0.7421875 0.02932551319648094 0.040625
0 0.7016129032258065 0.8 0.03225806451612903 0.04375
0 0.8826979472140762 0.6604166666666667 0.036656891495601175 0.04791666666666667
0 0.39725953079178883 0.8683463541666666 0.04085337243401759 0.049192708333333335
0 0.38132991202346045 0.8490046875 0.023656891495601174 0.029259374999999997
0 0.43727236070381226 0.7169713541666667 0.028503665689149558 0.040192708333333334
0 0.4215469208211144 0.7404192708333334 0.029310850439882696 0.04125520833333333
0 0.14539369501466276 0.12580260416666667 0.032722873900293256 0.04118854166666666
0 0.13592302052785923 0.159003125 0.029910557184750733 0.04300625
