0 0.9824046920821115 0.15989583333333332 0.03372434017595308 0.051041666666666666
0 0.9373167155425219 0.7973958333333333 0.0344574780058651 0.05520833333333333
0 0.7749266862170088 0.834375 0.030791788856304986 0.04375
0 0.5102639296187683 0.8182291666666667 0.03372434017595308 0.046875
0 0.42961876832844575 0.778125 0.030791788856304986 0.04791666666666667
0 0.5032991202346041 0.6598958333333333 0.0344574780058651 0.04895833333333333
0 0.6964809384164223 0.5984375 0.03519061583577713 0.051041666666666666
0 0.7430351906158358 0.4510416666666667 0.030058651026392963 0.04583333333333333
0 0.8640029325513197 0.48125 0.0344574780058651 0.05
0 0.2060117302052786 0.8244791666666667 0.03372434017595308 0.04895833333333333
0 0.250733137829912 0.675 0.02932551319648094 0.04375
0 0.07844574780058651 0.7130208333333333 0.03225806451612903 0.04895833333333333
0 0.41312316715542524 0.321875 0.028592375366568914 0.041666666666666664
0 0.48533724340175954 0.28229166666666666 0.02932551319648094 0.04375
0 0.5502199413489736 0.21197916666666666 0.03152492668621701 0.04895833333333333
0 0.2862903225806452 0.06041666666666667 0.03152492668621701 0.04583333333333333
0 0.12609970674486803 0.2869791666666667 0.02785923753665689 0.040625
0 0.08504398826979472 0.027083333333333334 0.03372434017595308 0.05
0 0.21004398826979473 0.009895833333333333 0.03152492668621701 0.019791666666666666
0 0.9483097507331378 0.07169739583333333 0.03444941348973607 0.04964479166666667
0 0.6895542521994135 0.17612864583333335 0.038932551319648095 0.054340625000000004
0 0.6875230938416422 0.0869515625 0.036336510263929624 0.05098645833333334
0 0.6988236803519062 0.21269322916666666 0.03987609970674487 0.048303125
0 0.699017595307918 0.2524796875 0.03586510263929619 0.046626041666666666
