0 0.591275659824047 0.22083333333333333 0.032991202346041054 0.04583333333333333
0 0.09604105571847507 0.175 0.02785923753665689 0.041666666666666664
0 0.021627565982404694 0.071875 0.030058651026392963 0.04375
0 0.18951612903225806 0.7671875 0.038856304985337244 0.051041666666666666
0 0.29472140762463345 0.6604166666666667 0.03812316715542522 0.05625
0 0.22287390029325513 0.43645833333333334 0.03812316715542522 0.05416666666666667
0 0.695817082111437 0.8981994791666666 0.03093035190615836 0.044315625
0 0.7881396627565983 0.9862583333333333 0.029358504398826982 0.0246
0 0.3248786656891496 0.778021875 0.03098900293255132 0.04562708333333333
0 0.4720307917888563 0.686446875 0.033504398826979476 0.04997708333333333
0 0.40829802052785924 0.5127546875 0.03360483870967742 0.04634270833333333
0 0.4029868035190616 0.4807770833333333 0.024448680351906157 0.03447083333333333
0 0.7016198680351906 0.35429375 0.03227199413489736 0.044004166666666664
0 0.7300571847507331 0.35094375 0.03342815249266862 0.043554166666666665
0 0.8253097507331378 0.5542484375 0.02745234604105572 0.039746874999999994
0 0.8049981671554252 0.5503348958333334 0.026418621700879764 0.036086458333333335
