0 0.6752199413489736 0.44479166666666664 0.017595307917888565 0.022916666666666665
0 0.7584310850439883 0.47760416666666666 0.01686217008797654 0.023958333333333335
0 0.4835043988269795 0.6630208333333333 0.025659824046920823 0.026041666666666668
0 0.5956744868035191 0.44184687500000003 0.03152492668621701 0.044110416666666666
0 0.6074046920821115 0.4111859375 0.028592375366568914 0.04320520833333333
0 0.6293522727272728 0.8254822916666666 0.021167888563049853 0.025964583333333333
0 0.6152313049853373 0.8551526041666667 0.02371774193548387 0.033221875
0 0.6420109970674487 0.8559260416666666 0.024491202346041054 0.030602083333333332
0 0.6699992668621702 0.8955916666666667 0.02474926686217009 0.03701666666666667
0 0.6448310117302053 0.8911869791666667 0.027198680351906156 0.036540625
0 0.6215234604105572 0.9098083333333334 0.026038123167155425 0.036283333333333334
0 0.6041939149560117 0.8852182291666666 0.0221708211143695 0.028769791666666666
0 0.5891847507331378 0.8600880208333332 0.022944281524926686 0.03267604166666667
0 0.6570520527859238 0.9306552083333333 0.029646627565982405 0.03839375
0 0.680666055718475 0.9537656250000001 0.028487536656891493 0.04086458333333333
0 0.713383064516129 0.971459375 0.02500659824046921 0.03041875
0 0.6897778592375367 0.9836843749999999 0.021784457478005864 0.02986875
0 0.781891495601173 0.8776041666666666 0.018328445747800588 0.028125
0 0.5593841642228738 0.13177083333333334 0.02932551319648094 0.030208333333333334
0 0.3262463343108504 0.12083333333333333 0.02932551319648094 0.03333333333333333
0 0.3181818181818182 0.48333333333333334 0.03225806451612903 0.035416666666666666
0 0.4155846774193548 0.9848453125 0.043779325513196486 0.02802395833333333
0 0.38601576246334307 0.0967703125 0.027163489736070384 0.037290625
0 0.39854655425219937 0.12450729166666667 0.0243658357771261 0.034431250000000004
0 0.19850733137829912 0.5221078125 0.0333782991202346 0.044215625
0 0.1766517595307918 0.5434541666666667 0.030722873900293254 0.047325
0 0.3846367302052786 0.48126406250000003 0.02440542521994135 0.03544479166666667
0 0.4072342375366569 0.4691005208333333 0.02707844574780059 0.034034375
0 0.4581030058651026 0.46154166666666663 0.02910923753665689 0.04183333333333333
0 0.4471458944281525 0.49098906249999996 0.02625659824046921 0.038228124999999995
0 0.47000109970674486 0.49096927083333336 0.02357991202346041 0.034021875
