0 0.35740469208211145 0.15364583333333334 0.030058651026392963 0.042708333333333334
0 0.3156158357771261 0.19479166666666667 0.0344574780058651 0.04791666666666667
0 0.42961876832844575 0.0140625 0.030791788856304986 0.028125
0 0.5208944281524927 0.2015625 0.024193548387096774 0.034375
0 0.6638563049853372 0.2791666666666667 0.03152492668621701 0.04583333333333333
0 0.32954545454545453 0.3671875 0.03152492668621701 0.04479166666666667
0 0.39332844574780057 0.459375 0.03592375366568915 0.04791666666666667
0 0.5586510263929618 0.5208333333333334 0.036656891495601175 0.04583333333333333
0 0.5164956011730205 0.7848958333333333 0.0344574780058651 0.046875
0 0.4574780058651026 0.615625 0.036656891495601175 0.05
0 0.45114332844574784 0.6647708333333333 0.029852639296187686 0.04620833333333333
0 0.24743401759530792 0.7822916666666667 0.03592375366568915 0.04791666666666667
0 0.2903225806451613 0.85625 0.039589442815249266 0.04583333333333333
0 0.6488269794721407 0.9848958333333333 0.03225806451612903 0.028125
0 0.8324780058651027 0.9828125 0.032991202346041054 0.03229166666666667
0 0.6008064516129032 0.5578875 0.0373900293255132 0.04910833333333333
0 0.594466642228739 0.5947947916666667 0.03790689149560117 0.05417291666666667
