0 0.11436950146627566 0.4179614583333333 0.03372434017595308 0.04842291666666666
0 0.41642228739002934 0.4979166666666667 0.03225806451612903 0.052083333333333336
0 0.5791788856304986 0.584375 0.02932551319648094 0.04583333333333333
0 0.8867261730205279 0.9010416666666666 0.02858431085043988 0.04583333333333333
0 0.9890029325513197 0.8421875 0.020527859237536656 0.053125
0 0.8244134897360704 0.4114583333333333 0.03152492668621701 0.052083333333333336
0 0.7038123167155426 0.42552083333333335 0.02932551319648094 0.046875
0 0.6870648826979473 0.36770833333333336 0.0324875366568915 0.052083333333333336
0 0.5821924486803519 0.3714755208333333 0.029487536656891494 0.04295104166666666
0 0.5902192082111437 0.4066192708333334 0.03234457478005865 0.04448854166666667
0 0.5781041055718475 0.4371786458333334 0.031574780058651025 0.045190625000000005
0 0.5005230938416422 0.47480260416666664 0.03330425219941349 0.04335520833333333
0 0.5084989002932551 0.5121395833333333 0.027261730205278594 0.040945833333333334
0 0.4994270527859237 0.43491302083333333 0.031112170087976537 0.04274270833333334
0 0.4770230938416422 0.4583083333333333 0.03175879765395895 0.04161666666666666
0 0.27758614369501466 0.4925265625 0.03904325513196481 0.05171979166666667
0 0.3004175219941349 0.5158192708333333 0.03485263929618768 0.05038854166666666
0 0.2760076979472141 0.5307463541666667 0.030021260997067447 0.034409375
0 0.180958211143695 0.4673140625 0.03347067448680352 0.04921145833333333
0 0.1902690615835777 0.4312942708333333 0.0359633431085044 0.052171875
0 0.1601898826979472 0.41835312500000005 0.03445601173020528 0.04920625
0 0.15336473607038123 0.4575442708333333 0.03253592375366569 0.04425520833333333
0 0.37146627565982404 0.661196875 0.03765395894428152 0.051560416666666664
0 0.3909219208211144 0.6348932291666666 0.03257697947214076 0.05103645833333333
