0 0.1627565982404692 0.1515625 0.03519061583577713 0.046875
0 0.29435483870967744 0.35833333333333334 0.032991202346041054 0.04375
0 0.47873900293255134 0.35572916666666665 0.036656891495601175 0.04895833333333333
0 0.4934017595307918 0.43333333333333335 0.03372434017595308 0.04375
0 0.5355571847507331 0.45729166666666665 0.03592375366568915 0.04791666666666667
0 0.7049120234604106 0.41458333333333336 0.0373900293255132 0.05416666666666667
0 0.30461876832844575 0.5046875 0.0373900293255132 0.04895833333333333
0 0.2866568914956012 0.4328125 0.03519061583577713 0.04479166666666667
0 0.09530791788856305 0.028125 0.03225806451612903 0.04583333333333333
0 0.6312316715542522 0.7765625 0.03372434017595308 0.04479166666666667
0 0.8401759530791789 0.959375 0.03225806451612903 0.04375
0 0.9776392961876833 0.9145833333333333 0.0344574780058651 0.04791666666666667
0 0.44941348973607037 0.9713541666666666 0.03519061583577713 0.04479166666666667
0 0.6541217008797654 0.6539541666666667 0.03844868035190616 0.05374166666666667
0 0.6783152492668622 0.6419812500000001 0.03844868035190616 0.054795833333333335
0 0.7017217741935484 0.6268723958333333 0.0324758064516129 0.04749479166666667
0 0.87133357771261 0.9077989583333334 0.02859090909090909 0.03643125
0 0.8575260263929619 0.878575 0.03176759530791789 0.04881666666666666
