0 0.42265395894428154 0.5083333333333333 0.01686217008797654 0.025
0 0.11693548387096774 0.43125 0.027126099706744868 0.035416666666666666
0 0.5052401026392962 0.4506265625 0.026609237536656893 0.034586458333333334
0 0.48363196480938414 0.4690796875 0.025914956011730203 0.03607604166666667
0 0.507283357771261 0.4842427083333333 0.032162023460410555 0.03723541666666667
0 0.513208944281525 0.52178125 0.02348533724340176 0.03314583333333333
0 0.584342375366569 0.45089999999999997 0.02498973607038123 0.03721666666666667
0 0.5923878299120235 0.42087604166666664 0.02348533724340176 0.033418750000000004
0 0.5877576979472141 0.3903973958333333 0.02302272727272727 0.030794791666666665
0 0.6944475806451613 0.37926614583333335 0.026725073313782995 0.035615625000000005
0 0.710616568914956 0.43772395833333333 0.020939882697947214 0.03378125
0 0.5867741935483871 0.5962166666666667 0.02105571847507331 0.029933333333333333
0 0.3946594574780059 0.6496494791666667 0.02685557184750733 0.038882291666666666
0 0.3773042521994135 0.6739182291666667 0.024403225806451614 0.033253125
0 0.3051513929618768 0.5309614583333333 0.025258797653958946 0.036922916666666666
0 0.28731964809384164 0.5092630208333333 0.02771847507331378 0.033109375
0 0.28265505865102636 0.5409 0.021321847507331376 0.0318
0 0.1941766862170088 0.4468552083333333 0.026183284457478005 0.04371041666666667
0 0.1859633431085044 0.47970208333333336 0.02295307917888563 0.03232083333333333
0 0.16238599706744866 0.46619687499999996 0.025651759530791785 0.04072708333333333
0 0.1708181818181818 0.4331776041666667 0.0249208211143695 0.039271875
0 0.8955003665689151 0.91726875 0.02853739002932551 0.0407875
0 0.8308222140762463 0.42390208333333335 0.0282133431085044 0.045720833333333336
