0 0.4747067448680352 0.12239583333333333 0.11363636363636363 0.16145833333333334
0 0.6297653958944281 0.023958333333333335 0.09530791788856305 0.04791666666666667
0 0.8680351906158358 0.1625 0.10410557184750734 0.15
0 0.44258541055718476 0.6463 0.11097727272727272 0.17801666666666666
0 0.020527859237536656 0.6672041666666666 0.04105571847507331 0.15315833333333334
0 0.13728775659824044 0.36366145833333335 0.10742008797653958 0.15648958333333332
0 0.12400696480938417 0.08385416666666666 0.10725146627565982 0.15729166666666666
0 0.6572708944281526 0.520375 0.11366202346041056 0.16158333333333333
0 0.773949780058651 0.5014213541666667 0.11388196480938417 0.17575937500000002
0 0.8224849706744868 0.6555395833333333 0.11564442815249268 0.1694125
0 0.712300586510264 0.6643359375000001 0.12401466275659824 0.16408854166666667
0 0.4253958944281525 0.8285713541666666 0.1352492668621701 0.180059375
0 0.3029684750733138 0.8768635416666667 0.1440601173020528 0.18081041666666667
0 0.21705791788856305 0.9525421875000001 0.11300146627565981 0.092584375
0 0.20708980938416424 0.7720848958333334 0.11652565982404692 0.16916979166666665
