0 0.32691972140762465 0.08333333333333333 0.12158137829912023 0.16666666666666666
0 0.5681818181818182 0.1546875 0.12463343108504399 0.18645833333333334
0 0.718108504398827 0.14791666666666667 0.11950146627565983 0.18333333333333332
0 0.7217741935483871 0.02736302083333333 0.09897360703812316 0.05472604166666666
0 0.966642228739003 0.375 0.06524926686217009 0.15625
0 0.536325146627566 0.5339880208333334 0.11077346041055719 0.17839270833333334
0 0.6471239002932552 0.6078244791666666 0.11242961876832845 0.15523229166666666
0 0.7236070381231672 0.7390625 0.10117302052785923 0.159375
0 0.5710480205278592 0.7479166666666667 0.12010190615835777 0.16875
0 0.42272324046920823 0.5578125 0.10937609970674486 0.16145833333333334
0 0.32250953079178885 0.6057291666666667 0.11129472140762464 0.16770833333333332
0 0.053996334310850436 0.65625 0.10799266862170087 0.17708333333333334
0 0.10911950146627566 0.8 0.10973460410557184 0.17083333333333334
0 0.3347481671554252 0.9604166666666667 0.1181766862170088 0.07708333333333334
