0 0.49523460410557185 0.34179583333333335 0.11803519061583578 0.16900833333333332
0 0.5470711143695015 0.19719322916666665 0.127866568914956 0.18188645833333333
0 0.5353181818181818 0.05364583333333333 0.12342228739002933 0.10729166666666666
0 0.27052785923753664 0.303125 0.11730205278592376 0.17083333333333334
0 0.3097507331378299 0.46770833333333334 0.11803519061583578 0.16666666666666666
0 0.13856304985337242 0.5984375 0.12316715542521994 0.17604166666666668
0 0.24486803519061584 0.8708333333333333 0.1187683284457478 0.16666666666666666
0 0.3241840175953079 0.9526041666666667 0.12050879765395894 0.09270833333333334
0 0.583183284457478 0.5864583333333333 0.11797947214076247 0.17291666666666666
0 0.7547653958944281 0.4713541666666667 0.11510263929618768 0.165625
0 0.8141495601173021 0.8380208333333333 0.11070381231671554 0.15729166666666666
0 0.920199780058651 0.784375 0.11459310850439883 0.15
0 0.13000036656891495 0.1693817708333333 0.12803592375366568 0.184596875
