0 0.35532038123167153 0.3199666666666667 0.3554347507331378 0.3323041666666667 0.360274926686217 0.34627395833333335 0.3707492668621701 0.3578604166666667 0.3827785923753666 0.355403125 0.39222873900293254 0.3416666666666667 0.3945564516129032 0.3194708333333333 0.38584677419354835 0.3042958333333334 0.3726700879765396 0.302171875 0.36263636363636365 0.30635208333333336
0 0.35129472140762463 0.4465791666666667 0.35257038123167156 0.46511458333333333 0.3590843108504399 0.47938854166666667 0.37368255131964806 0.486084375 0.3812060117302053 0.48012916666666666 0.38923093841642226 0.46612187499999996 0.3903790322580645 0.45215104166666664 0.38789296187683286 0.4389333333333333 0.38033431085043984 0.4278510416666667 0.3669494134897361 0.4264864583333334 0.3567067448680352 0.4327125
0 0.1810850439882698 0.44375 0.18181818181818182 0.4739583333333333 0.1906158357771261 0.48854166666666665 0.19941348973607037 0.49375 0.2089442815249267 0.49270833333333336 0.21627565982404692 0.48333333333333334 0.21920821114369501 0.475 0.21994134897360704 0.4510416666666667 0.2118768328445748 0.43645833333333334 0.19648093841642228 0.43333333333333335
0 0.07948313782991202 0.23728020833333333 0.0740307917888563 0.24345624999999999 0.06755645161290323 0.2709479166666667 0.07207111436950148 0.29565416666666666 0.08431085043988269 0.31354166666666666 0.09575439882697948 0.3183010416666667 0.10878885630498535 0.3158791666666667 0.12310043988269793 0.2989239583333333 0.12903225806451613 0.26979166666666665 0.12795674486803518 0.26162291666666665 0.12301539589442816 0.246 0.11645601173020528 0.234615625 0.10337243401759531 0.22916666666666666 0.0947316715542522 0.23001354166666665 0.08519061583577713 0.23388854166666664
0 0.35188416422287394 0.6779937500000001 0.3513599706744868 0.6990552083333333 0.3577492668621701 0.71549375 0.3702126099706745 0.7248687500000001 0.3837976539589443 0.7235302083333334 0.39314516129032256 0.709146875 0.3958724340175953 0.68424375 0.3892741935483871 0.66861875 0.38047653958944283 0.6613270833333333 0.36508064516129035 0.6613270833333333 0.3570161290322581 0.6675770833333333
0 0.4137675953079179 0.7821479166666666 0.4147543988269795 0.7998333333333334 0.42125219941348974 0.8137010416666667 0.4303519061583578 0.81875 0.44423753665689153 0.8164114583333333 0.4490014662756598 0.808365625 0.45251539589442813 0.7969895833333334 0.451991935483871 0.7825510416666667 0.4459464809384164 0.7650072916666667 0.4322932551319648 0.7593718749999999 0.42034457478005866 0.7665604166666667
0 0.5532463343108505 0.7930270833333334 0.553282991202346 0.81199375 0.5625109970674487 0.8251260416666667 0.577849706744868 0.8274833333333333 0.5889516129032258 0.814146875 0.5887822580645161 0.800103125 0.5865161290322581 0.785 0.5821840175953079 0.775103125 0.5648079178885631 0.77415 0.5590190615835777 0.780209375
0 0.7280058651026393 0.46875 0.7272727272727273 0.4875 0.7324046920821115 0.49895833333333334 0.7470674486803519 0.5052083333333334 0.7609970674486803 0.5010416666666667 0.7675953079178885 0.4739583333333333 0.7646627565982405 0.45729166666666665 0.7543988269794721 0.45 0.7397360703812317 0.4510416666666667 0.7316715542521994 0.4552083333333333
0 0.9487353372434018 0.08391354166666667 0.9458196480938416 0.10521666666666667 0.9529288856304986 0.12523333333333334 0.9668306451612904 0.132084375 0.9775447214076247 0.12953333333333333 0.9853372434017595 0.11563854166666668 0.9860703812316716 0.09793020833333334 0.9824046920821115 0.08438854166666668 0.9736070381231672 0.073971875 0.9589442815249267 0.073971875
0 0.9675447214076246 0.025630208333333335 0.9682881231671553 0.04958958333333333 0.9781546920821114 0.06547395833333333 0.9991840175953078 0.06875 0.999266862170088 0.009532291666666666 0.9830549853372433 0.010416666666666666 0.9757236070381231 0.0125
0 0.963741202346041 0.77563125 0.9648093841642229 0.790625 0.9706744868035191 0.8041666666666667 0.9864098240469208 0.8088760416666666 0.999266862170088 0.8054697916666667 0.999266862170088 0.7487656250000001 0.9851400293255131 0.7452322916666667 0.9740652492668622 0.7495052083333333 0.9668299120234605 0.7594437500000001
0 0.6779120234604106 0.9160895833333333 0.6907558651026393 0.9161447916666667 0.698033724340176 0.9217302083333333 0.702466275659824 0.9310947916666666 0.7005945747800586 0.9542145833333334 0.6960997067448681 0.9627802083333333 0.6792851906158357 0.96295625 0.6724486803519062 0.956853125 0.6684648093841642 0.9411625 0.6698973607038123 0.9266739583333333
0 0.708791788856305 0.8811520833333333 0.7238343108504398 0.8821093750000001 0.7336114369501466 0.8964895833333333 0.7339780058651026 0.916059375 0.7252096774193548 0.9238677083333333 0.7068269794721408 0.9212385416666666 0.6992096774193548 0.9144260416666667 0.696557917888563 0.904625 0.6987206744868035 0.8926593749999999
0 0.7251957478005865 0.9243229166666667 0.7292983870967742 0.9307854166666666 0.7302118768328446 0.9409802083333333 0.7287478005865102 0.9499375000000001 0.7245887096774194 0.9591031250000001 0.7165447214076246 0.9633541666666667 0.7032734604105572 0.9605427083333333 0.7008570381231672 0.9543239583333333 0.7026957478005865 0.9316218749999999 0.7067023460410558 0.9215541666666667
0 0.6696458944281525 0.9989583333333333 0.6700227272727273 0.9741072916666667 0.6791136363636364 0.9634479166666666 0.6961480938416422 0.9632031249999999 0.7035762463343108 0.9721052083333334 0.7077521994134898 0.98885625 0.7079420821114369 0.9989583333333333
0 0 0.9989583333333333 0.005812316715542522 0.9754052083333333 0.027203079178885627 0.975075 0.040687683284457474 0.9989583333333333
0 0.5977008797653959 0 0.5974024926686217 0.009533333333333333 0.6027324046920821 0.019576041666666665 0.6088892961876833 0.025220833333333335 0.6173020527859238 0.0250875 0.6199640762463343 0.0072520833333333335 0.6183541055718474 0
0 0.5599560117302053 0.00015104166666666665 0.5623548387096774 0.012682291666666668 0.5696312316715543 0.02375 0.5795366568914957 0.03025729166666667 0.5878475073313782 0.025641666666666667 0.5956847507331379 0.015773958333333334 0.5972221407624634 0.009315625 0.5975366568914956 0.00014687499999999998