0 0.4142228739002933 0.5052083333333334 0.4142228739002933 0.515625 0.41935483870967744 0.5208333333333334 0.4281524926686217 0.5177083333333333 0.4310850439882698 0.5104166666666666 0.42961876832844575 0.5 0.4244868035190616 0.49583333333333335 0.4178885630498534 0.4979166666666667
0 0.10557184750733138 0.41875 0.10337243401759531 0.4354166666666667 0.10850439882697947 0.44479166666666664 0.12023460410557185 0.44895833333333335 0.12609970674486803 0.44375 0.13049853372434017 0.4322916666666667 0.12609970674486803 0.415625 0.1217008797653959 0.41354166666666664
0 0.5060256598240469 0.433615625 0.5172470674486803 0.44007812500000004 0.5187514662756598 0.45290625 0.516758064516129 0.4654333333333333 0.49799193548387094 0.46898124999999996 0.49331524926686215 0.4501833333333333 0.4983900293255132 0.43843333333333334
0 0.4877910557184751 0.45170208333333334 0.4946612903225806 0.45708125 0.4977954545454546 0.46922708333333335 0.49134310850439883 0.48594166666666666 0.4841634897360704 0.48995 0.47340909090909095 0.4871177083333333 0.4708636363636364 0.47215104166666666 0.4715579178885631 0.45965104166666665 0.4790777126099707 0.45340104166666667
0 0.5169288856304985 0.46584791666666664 0.522366568914956 0.47791979166666665 0.5236392961876833 0.4874583333333333 0.5206312316715542 0.49666875000000005 0.5176231671554252 0.501603125 0.5073262463343109 0.5030833333333333 0.50050073313783 0.5017677083333333 0.4941378299120235 0.4930510416666667 0.4914765395894428 0.486471875 0.49807111436950147 0.46969583333333337
0 0.5090417888563049 0.5056270833333333 0.5014061583577712 0.512621875 0.5012910557184751 0.5251218750000001 0.5047617302052786 0.5387729166666666 0.5152895894428152 0.5386083333333332 0.5232719941348974 0.5333458333333333 0.5247763929618768 0.5213395833333333 0.5236195014662757 0.5147604166666667 0.5211898826979472 0.5098260416666667 0.5155205278592375 0.5065375
0 0.5805065982404692 0.431909375 0.5726620234604105 0.44206562499999996 0.5717368035190616 0.454071875 0.5754384164222874 0.46739375 0.5834215542521994 0.469203125 0.5945278592375367 0.46624166666666667 0.5966099706744867 0.45736041666666666 0.5967258064516129 0.447821875 0.595483137829912 0.43899375
0 0.5939714076246334 0.4046708333333333 0.600524926686217 0.40839166666666665 0.6030571847507332 0.41404583333333334 0.6043299120234604 0.42375 0.601900293255132 0.4329604166666667 0.5956048387096774 0.43871875 0.5806444281524927 0.43160729166666667 0.5789567448680352 0.42291666666666666 0.5800439882697946 0.4141291666666667 0.5833049853372434 0.40665208333333336
0 0.5849450146627566 0.3754395833333334 0.5936217008797654 0.37728854166666664 0.5991752199413489 0.38633437499999995 0.5998431085043988 0.39263020833333334 0.5977976539589442 0.40043437499999995 0.5937719941348973 0.4044125 0.5835095307917889 0.4063833333333333 0.577425219941349 0.39965625 0.5761524926686217 0.390775 0.5777719941348973 0.3810708333333333
0 0.6934545454545454 0.36163229166666666 0.7035190615835777 0.367971875 0.7081473607038123 0.3803072916666667 0.7045608504398827 0.3914916666666667 0.6990073313782992 0.39724791666666665 0.6888262463343108 0.395603125 0.6814222873900293 0.38737916666666666 0.6814222873900293 0.37668854166666665 0.6848929618768328 0.3678072916666667
0 0.7082624633431085 0.4204791666666667 0.7153196480938416 0.4239979166666667 0.7211041055718476 0.4310708333333333 0.7204105571847508 0.44356979166666666 0.7155513196480938 0.4522864583333333 0.7081473607038123 0.45426041666666667 0.7017837243401759 0.45179375 0.7006268328445747 0.44258333333333333 0.7001642228739003 0.43337291666666666 0.701899560117302 0.4248208333333333
0 0.5863240469208211 0.5815697916666667 0.5917617302052786 0.5832791666666667 0.5969677419354839 0.590515625 0.5971986803519062 0.599396875 0.5944222873900293 0.6091 0.5887536656891496 0.6110739583333333 0.5815806451612903 0.6107447916666667 0.5781099706744868 0.6040020833333333 0.5761429618768329 0.595778125 0.5774156891495601 0.5885416666666666 0.5822749266862169 0.5834427083333333 0.5856297653958944 0.581140625
0 0.3992074780058651 0.6346 0.4046319648093842 0.6404625 0.40607111436950144 0.6496729166666667 0.4049545454545454 0.663315625 0.3964310850439883 0.6692916666666666 0.3877316715542522 0.6670614583333333 0.3827353372434018 0.657303125 0.3826935483870968 0.6443927083333333 0.38987096774193547 0.6357406250000001
0 0.3764772727272727 0.6569677083333333 0.3690043988269795 0.65835 0.36491788856304985 0.6698041666666666 0.3660857771260997 0.682253125 0.3732888563049853 0.6891145833333333 0.38430058651026394 0.6860708333333334 0.3889237536656891 0.6748541666666666 0.38744941348973605 0.6673604166666667 0.38244794721407627 0.6575916666666667
0 0.3168797653958944 0.5206989583333334 0.3180278592375367 0.5332895833333333 0.31607917888563053 0.5436708333333333 0.30884017595307917 0.5497989583333334 0.2998218475073314 0.5489114583333333 0.29349120234604104 0.5396249999999999 0.292200146627566 0.5288677083333334 0.2972683284457478 0.5192458333333333 0.3063467741935484 0.5146479166666666
0 0.28684970674486804 0.492696875 0.29685483870967744 0.49899270833333337 0.30095527859237536 0.5094854166666667 0.297183284457478 0.5183458333333334 0.29122214076246333 0.5295989583333334 0.2789948680351906 0.5258854166666667 0.2732368035190616 0.516946875 0.2743848973607038 0.5071541666666667 0.2788130498533724 0.49666145833333336
0 0.2789354838709678 0.526521875 0.2735491202346041 0.532834375 0.27172360703812315 0.542353125 0.2723797653958944 0.5516791666666666 0.2787565982404692 0.558571875 0.2876290322580645 0.5588 0.2937807917888563 0.5499291666666667 0.29304618768328444 0.538621875 0.29189956011730206 0.5303854166666667
0 0.1878966275659824 0.42788229166666664 0.19961070381231671 0.4282916666666667 0.206616568914956 0.4365833333333333 0.20700806451612902 0.4538375 0.2027324046920821 0.4607635416666667 0.1958049853372434 0.46684895833333334 0.18063856304985337 0.4595572916666667 0.17880058651026393 0.44645104166666666 0.18261803519061584 0.4324864583333333
0 0.18067008797653958 0.45996666666666663 0.17646774193548387 0.46394895833333333 0.17127492668621702 0.4852125 0.17283724340175954 0.48854583333333335 0.1804516129032258 0.495303125 0.19007184750733136 0.4951375 0.1956033724340176 0.4846947916666667 0.19771847507331378 0.474984375 0.19594428152492666 0.4673572916666667
0 0.17625366568914955 0.46398541666666665 0.17132184750733137 0.4842385416666667 0.16624999999999998 0.48642604166666664 0.1555073313782991 0.48362083333333333 0.14900733137829913 0.47781979166666666 0.1479941348973607 0.46546875000000004 0.15178372434017595 0.4530822916666667 0.15979618768328446 0.44898125 0.17454692082111437 0.45590416666666667
0 0.17864296187683285 0.4187416666666667 0.18302932551319648 0.4300625 0.17886436950146628 0.4454895833333333 0.17443841642228738 0.4554885416666667 0.15995527859237538 0.4486625 0.15650073313782992 0.4407302083333333 0.1569816715542522 0.4262802083333333 0.16066568914956011 0.4187927083333333 0.1665850439882698 0.41484479166666666
0 0.8931019061583578 0.8969145833333333 0.9049156891495601 0.9017125 0.9098255131964809 0.9110916666666667 0.9076774193548386 0.92745 0.8966304985337242 0.9377020833333333 0.8854303519061584 0.9313760416666667 0.8812881231671554 0.9154541666666667 0.8857375366568915 0.9017125
0 0.8308841642228739 0.4008979166666667 0.8420109970674486 0.4078375 0.8448826979472142 0.4205947916666667 0.8425139296187684 0.4401895833333333 0.8319604105571848 0.44661875 0.8211209677419355 0.442740625 0.8171722873900293 0.42947291666666665 0.8166700879765396 0.4152875 0.8234897360703812 0.4066125