0 0.46114369501466274 0.10208333333333333 0.45821114369501464 0.12083333333333333 0.46114369501466274 0.140625 0.4662756598240469 0.15 0.4831378299120235 0.15729166666666666 0.49266862170087977 0.15416666666666667 0.49853372434017595 0.14583333333333334 0.500733137829912 0.1125 0.49486803519061584 0.09791666666666667 0.4868035190615836 0.09270833333333334 0.4714076246334311 0.09375
0 0.8660190615835777 0.24075 0.8657925219941349 0.25086041666666664 0.8700674486803519 0.2596864583333333 0.8829545454545454 0.2631583333333333 0.8888929618768329 0.26279375 0.892558651026393 0.26029270833333334 0.8980571847507332 0.254925 0.9000366568914957 0.24903645833333332 0.9005865102639297 0.2423135416666667 0.9005344574780059 0.230046875 0.8945014662756597 0.22011354166666666 0.8848607038123167 0.215215625 0.8731304985337244 0.21912395833333334 0.8665322580645162 0.23038020833333334
0 0.9871370967741935 0.41059270833333333 0.9811928152492668 0.4193614583333333 0.980576246334311 0.4341885416666667 0.9831554252199413 0.4453489583333334 0.9915667155425221 0.45826354166666666 0.999266862170088 0.459778125 0.999266862170088 0.4013458333333333 0.9938658357771262 0.40278020833333333
0 0.9302419354838709 0.49496666666666667 0.9272727272727272 0.5120041666666667 0.9296187683284457 0.52623125 0.934640762463343 0.5341520833333333 0.9423020527859237 0.5375395833333333 0.9534457478005866 0.5351416666666666 0.9586143695014663 0.5293072916666667 0.9618401759530792 0.5202947916666667 0.9626099706744868 0.508465625 0.9616202346041056 0.49819895833333333 0.9570014662756597 0.48871458333333334 0.9472140762463344 0.4843875 0.9381598240469209 0.486628125
0 0.8948313782991202 0.6548145833333333 0.890432551319648 0.669353125 0.890542521994135 0.6736791666666666 0.8910557184750734 0.6786291666666667 0.8944281524926686 0.688634375 0.8980938416422287 0.6930645833333333 0.9042155425219941 0.6946802083333333 0.9211510263929619 0.6872281250000001 0.9245601173020527 0.6783166666666667 0.9272360703812317 0.6604427083333333 0.9227272727272726 0.6505927083333333 0.913049853372434 0.6447041666666667 0.9015029325513197 0.6455385416666667
0 0.7681114369501466 0.9455229166666667 0.7659178885630499 0.961696875 0.7718181818181818 0.9780177083333333 0.7837096774193548 0.98159375 0.7948702346041056 0.9730760416666667 0.798117302052786 0.959746875 0.7970197947214076 0.9462875000000001 0.7875975073313782 0.9347135416666668 0.7765747800586511 0.9367291666666666
0 0.5614736070381232 0.8874604166666666 0.5592741935483871 0.9060697916666667 0.5615102639296188 0.9214427083333334 0.5722507331378299 0.9304583333333334 0.577932551319648 0.9293635416666667 0.5825879765395894 0.92701875 0.5872067448680353 0.9227979166666667 0.591275659824047 0.90883125 0.5907624633431084 0.8978885416666667 0.586766862170088 0.8889770833333334 0.5785923753665689 0.8819416666666666 0.5721407624633431 0.8811541666666667
0 0.6524926686217009 0.7760416666666666 0.6532258064516129 0.8145833333333333 0.656891495601173 0.821875 0.6810850439882697 0.8333333333333334 0.6898826979472141 0.8260416666666667 0.6928152492668622 0.7864583333333334 0.6847507331378299 0.76875 0.6774193548387096 0.7666666666666667 0.658357771260997 0.7708333333333334
0 0.6353621700879766 0.6772989583333333 0.6324296187683285 0.693965625 0.6353621700879766 0.7189656249999999 0.6397609970674487 0.7293822916666667 0.6588225806451613 0.7356322916666667 0.6683533724340176 0.7335489583333333 0.6718064516129033 0.7286510416666666 0.6745505865102639 0.716096875 0.6775337243401759 0.7001510416666666 0.6741928152492669 0.6898041666666667 0.666675219941349 0.6743666666666667 0.6477023460410557 0.6713135416666667
0 0.5276026392961877 0.704346875 0.5224340175953079 0.7177916666666667 0.5220307917888563 0.7280572916666667 0.5256598240469208 0.7378552083333333 0.5319281524926686 0.7451510416666667 0.5413856304985337 0.7477031249999999 0.5487536656891495 0.7413979166666667 0.555241935483871 0.7344145833333333 0.5571480938416422 0.7223770833333333 0.5554985337243402 0.7142479166666666 0.5493035190615836 0.7020531250000001 0.5404692082111437 0.6977802083333333
0 0.4490102639296188 0.6661208333333334 0.4491202346041056 0.6795135416666667 0.45491202346041054 0.6929062500000001 0.4683651026392962 0.6922812500000001 0.47738269794721405 0.6834218750000001 0.4787756598240469 0.6620041666666666 0.47569648093841643 0.6542916666666667 0.47016129032258064 0.6508520833333333 0.46323313782991205 0.649340625 0.45450879765395896 0.6568968749999999
0 0.44281524926686217 0.49375 0.436950146627566 0.5020833333333333 0.437683284457478 0.521875 0.4472140762463343 0.546875 0.4633431085043988 0.5510416666666667 0.4743401759530792 0.54375 0.47873900293255134 0.5208333333333334 0.47580645161290325 0.5020833333333333 0.4633431085043988 0.4895833333333333 0.44868035190615835 0.4895833333333333
0 0.6136363636363636 0.44479166666666664 0.6143695014662757 0.4708333333333333 0.6217008797653959 0.48854166666666665 0.6385630498533724 0.49270833333333336 0.6502932551319648 0.4822916666666667 0.6539589442815249 0.4552083333333333 0.6466275659824047 0.4354166666666667 0.6407624633431085 0.43125 0.6224340175953079 0.43333333333333335
0 0.3678892961876833 0.2718625 0.3669464809384164 0.29209999999999997 0.375366568914956 0.30833333333333335 0.3889853372434018 0.3106302083333333 0.3977324046920821 0.30819166666666664 0.4021913489736071 0.27942083333333334 0.39618914956011736 0.261865625 0.38075293255131964 0.25845208333333336
0 0.2060117302052786 0.38645833333333335 0.20527859237536658 0.4083333333333333 0.21334310850439883 0.425 0.22067448680351906 0.43125 0.23387096774193547 0.43125 0.2404692082111437 0.4270833333333333 0.24486803519061584 0.41041666666666665 0.24486803519061584 0.38958333333333334 0.2404692082111437 0.37916666666666665 0.23240469208211142 0.371875 0.22653958944281524 0.371875 0.21334310850439883 0.3770833333333333
0 0.09882624633431085 0.549725 0.09677199413489737 0.5685677083333334 0.10374193548387096 0.5852916666666667 0.11490175953079179 0.5882697916666667 0.12086436950146628 0.5864375000000001 0.12618181818181817 0.5833447916666666 0.1308958944281525 0.571946875 0.1305733137829912 0.5549364583333334 0.1252551319648094 0.5405614583333332 0.11453885630498534 0.536953125 0.10233137829912024 0.5421645833333333
0 0.18060850439882697 0.652471875 0.18156158357771263 0.6666989583333333 0.18669354838709679 0.6783197916666667 0.1961876832844575 0.6841041666666666 0.20645161290322583 0.6830104166666667 0.2148826979472141 0.6750364583333333 0.21766862170087975 0.6595072916666667 0.2158724340175953 0.6435614583333333 0.20868768328445747 0.632721875 0.19596774193548389 0.6310541666666667 0.18555718475073313 0.637515625
0 0.16510263929618768 0.8379166666666666 0.16631231671554253 0.8611458333333334 0.17155425219941348 0.8745833333333334 0.17705278592375367 0.8795833333333333 0.18497067448680352 0.8796875 0.19677419354838707 0.8798958333333334 0.20542521994134896 0.8726041666666667 0.20857771260997068 0.8641666666666666 0.2090175953079179 0.8502083333333333 0.20593841642228738 0.8307291666666666 0.19105571847507333 0.8172916666666666 0.16950146627565982 0.8214583333333334
0 0.21114369501466276 0.91875 0.20967741935483872 0.93125 0.218475073313783 0.9583333333333334 0.2287390029325513 0.9666666666666667 0.2434017595307918 0.9666666666666667 0.2529325513196481 0.959375 0.2565982404692082 0.9291666666666667 0.250733137829912 0.9125 0.24413489736070382 0.9041666666666667 0.2280058651026393 0.9020833333333333 0.21407624633431085 0.9114583333333334
0 0.39011583577712616 0.36149270833333336 0.3997492668621701 0.3699125 0.4039354838709677 0.3857802083333333 0.405941348973607 0.40065729166666664 0.4017551319648094 0.41590625 0.39364516129032256 0.4218572916666667 0.38405278592375364 0.42545208333333334 0.37175659824046925 0.4218572916666667 0.3673093841642229 0.41169062500000003 0.36661143695014664 0.39631875 0.36728445747800587 0.38913125
0 0.38202859237536657 0.334828125 0.3869120234604106 0.3436302083333333 0.389683284457478 0.360015625 0.3663313782991202 0.3879239583333333 0.35708797653958946 0.3820614583333333 0.35316348973607037 0.3700364583333334 0.3532507331378299 0.356275 0.3565645161290322 0.34499375000000004 0.36441275659824046 0.33829895833333334 0.3706048387096774 0.33371249999999997
0 0.5909354838709677 0.64818125 0.5877624633431084 0.6537624999999999 0.5807177419354839 0.6573552083333334 0.573941348973607 0.6565145833333333 0.5685095307917889 0.6531510416666666 0.5661964809384165 0.6460406249999999 0.5662507331378299 0.6371718749999999 0.5691524926686217 0.627646875 0.591816715542522 0.6418708333333334
0 0.5660483870967742 0.6178760416666667 0.5648599706744868 0.6045489583333333 0.569349706744868 0.5951635416666666 0.5788563049853372 0.5850270833333333 0.5906077712609971 0.5807104166666667 0.6006429618768329 0.5865291666666667 0.608433284457478 0.5953510416666667 0.6121297653958945 0.6105552083333333 0.6097536656891496 0.6206916666666668 0.6056715542521994 0.6327375 0.6010461876832844 0.6389302083333334 0.5920593841642229 0.6406729166666667 0.5694816715542522 0.6266989583333333
0 0.621966275659824 0.2764260416666667 0.637508797653959 0.28053958333333334 0.6450601173020528 0.2939322916666667 0.6478592375366569 0.3167270833333333 0.640491935483871 0.3340635416666667 0.6048269794721408 0.315890625 0.6054127565982405 0.30204375 0.6080733137829912 0.2860239583333334 0.6138651026392962 0.2808041666666667
0 0.6404538123167155 0.3352583333333333 0.6410982404692082 0.3423552083333333 0.6367683284457478 0.35481562499999997 0.6309772727272728 0.36245520833333333 0.6263863636363636 0.367053125 0.6184560117302053 0.36772083333333333 0.6116737536656891 0.36616354166666665 0.6062478005865103 0.36045208333333334 0.602074780058651 0.3514041666666667 0.6006656891495601 0.3404270833333333 0.6021788856304985 0.3290802083333333 0.6054098240469208 0.317390625
0 0.019081378299120235 0.29054895833333333 0.03131891495601173 0.2859989583333334 0.044852639296187685 0.2935916666666667 0.0481708211143695 0.309071875 0.04645967741935484 0.32145625 0.03827199413489736 0.331953125 0.021362903225806452 0.3308177083333333 0.014 0.32270937499999997 0.01332624633431085 0.3101041666666667 0.015503665689149558 0.2978677083333333
0 0.02161510263929619 0.33254791666666667 0.037955278592375366 0.333090625 0.04211876832844575 0.3438333333333333 0.04528225806451613 0.35459583333333333 0.043259530791788854 0.36594791666666665 0.03926686217008798 0.371696875 0.03226686217008798 0.3739822916666667 0.024333577712609973 0.37346666666666667 0.016192815249266863 0.36904375 0.012770527859237537 0.35946041666666667 0.01302932551319648 0.35017291666666667 0.01577785923753666 0.34022083333333336
0 0.03268401759530792 0.15810416666666666 0.03978812316715542 0.16159583333333333 0.04761730205278593 0.17154687500000002 0.04808431085043988 0.18201458333333334 0.04549120234604105 0.19513541666666667 0.04113563049853373 0.205603125 0.029624633431085044 0.20582395833333333 0.019617302052785925 0.20213854166666667 0.015313049853372434 0.19417708333333333 0.02377199413489736 0.15911041666666667
0 0.00964882697947214 0.140315625 0.016956011730205278 0.14404791666666666 0.022400293255131962 0.15068229166666666 0.02307258064516129 0.158753125 0.014730205278592375 0.19263541666666667 0.008842375366568915 0.19693645833333334 0 0.19661041666666668 0 0.139625
0 0.999266862170088 0.9778375 0.9934442815249267 0.9787291666666668 0.9903453079178884 0.9897364583333333 0.9900359237536658 0.9989583333333333 0.999266862170088 0.9989583333333333