0 0.30131964809384165 0.27395833333333336 0.2991202346041056 0.29270833333333335 0.30498533724340177 0.31666666666666665 0.31378299120234604 0.325 0.32697947214076245 0.32395833333333335 0.3321114369501466 0.31979166666666664 0.3379765395894428 0.3020833333333333 0.3379765395894428 0.28541666666666665 0.3321114369501466 0.271875 0.3262463343108504 0.2635416666666667 0.313049853372434 0.2635416666666667 0.3057184750733138 0.26666666666666666
0 0.31671554252199413 0.5395833333333333 0.31671554252199413 0.56875 0.3262463343108504 0.5875 0.3379765395894428 0.5916666666666667 0.3555718475073314 0.5833333333333334 0.3592375366568915 0.56875 0.35997067448680353 0.5447916666666667 0.35117302052785926 0.528125 0.33064516129032256 0.5270833333333333
0 0.3987162756598241 0.4874458333333333 0.3980938416422287 0.50625 0.4039589442815249 0.5208333333333334 0.41502492668621704 0.5273156250000001 0.43171480938416423 0.5272520833333333 0.4361275659824047 0.5225552083333334 0.44230865102639294 0.5065770833333334 0.44208211143695014 0.484375 0.4344464809384164 0.46998541666666666 0.4221041055718475 0.4663583333333333 0.407658357771261 0.47095000000000004
0 0.3790322580645161 0.5614583333333333 0.3790322580645161 0.5864583333333333 0.3841642228739003 0.6041666666666666 0.3951612903225806 0.609375 0.4090909090909091 0.6072916666666667 0.4142228739002933 0.5979166666666667 0.41935483870967744 0.5760416666666667 0.4156891495601173 0.5604166666666667 0.40689149560117305 0.55 0.3966275659824047 0.5489583333333333 0.38636363636363635 0.5520833333333334
0 0.34824046920821117 0.6760416666666667 0.34824046920821117 0.70625 0.3592375366568915 0.728125 0.374633431085044 0.7302083333333333 0.38636363636363635 0.7229166666666667 0.39222873900293254 0.7083333333333334 0.39222873900293254 0.690625 0.3870967741935484 0.6729166666666667 0.3687683284457478 0.665625 0.3548387096774194 0.66875
0 0.5109970674486803 0.865625 0.5109970674486803 0.8875 0.5168621700879765 0.9052083333333333 0.5359237536656891 0.9125 0.5461876832844574 0.9083333333333333 0.5505865102639296 0.8885416666666667 0.5505865102639296 0.8729166666666667 0.5432551319648093 0.85625 0.5212609970674487 0.8552083333333333
0 0.3687683284457478 0.8885416666666667 0.3658357771260997 0.915625 0.3709677419354839 0.9385416666666667 0.38049853372434017 0.9458333333333333 0.3980938416422287 0.9427083333333334 0.4046920821114369 0.9291666666666667 0.4010263929618768 0.8958333333333334 0.3885630498533724 0.8854166666666666 0.37683284457478006 0.884375
0 0.20967741935483872 0.8677083333333333 0.2126099706744868 0.8979166666666667 0.22067448680351906 0.9125 0.24413489736070382 0.9104166666666667 0.24780058651026393 0.9052083333333333 0.25146627565982405 0.8958333333333334 0.250733137829912 0.8770833333333333 0.24486803519061584 0.8572916666666667 0.2404692082111437 0.8520833333333333 0.21994134897360704 0.8520833333333333
0 0.1766942815249267 0.7845041666666667 0.1794266862170088 0.806290625 0.19079618768328444 0.8162947916666667 0.20914589442815248 0.8149489583333334 0.21597873900293257 0.7974718749999999 0.21381671554252202 0.77595 0.20359530791788857 0.7652520833333334 0.18412536656891496 0.7668833333333333
0 0.6422287390029325 0.7166666666666667 0.6407624633431085 0.7291666666666666 0.6480938416422287 0.7552083333333334 0.6634897360703812 0.7583333333333333 0.6752199413489736 0.7479166666666667 0.6766862170087976 0.7229166666666667 0.6708211143695014 0.7083333333333334 0.6532258064516129 0.70625
0 0.7441348973607038 0.7791666666666667 0.7434017595307918 0.7927083333333333 0.7478005865102639 0.815625 0.7595307917888563 0.8239583333333333 0.7749266862170088 0.8229166666666666 0.7800586510263929 0.815625 0.7844574780058651 0.7989583333333333 0.780791788856305 0.7791666666666667 0.7756598240469208 0.76875 0.7551319648093842 0.76875
0 0.7624633431085044 0.7072916666666667 0.7646627565982405 0.7364583333333333 0.7749266862170088 0.7489583333333333 0.7917888563049853 0.75 0.8005865102639296 0.7395833333333334 0.8035190615835777 0.73125 0.8035190615835777 0.7083333333333334 0.7983870967741935 0.6927083333333334 0.7888563049853372 0.6875 0.7756598240469208 0.6916666666666667 0.7661290322580645 0.6989583333333333
0 0.6129032258064516 0.371875 0.6114369501466276 0.3927083333333333 0.6187683284457478 0.415625 0.6268328445747801 0.42291666666666666 0.6385630498533724 0.42291666666666666 0.6458944281524927 0.415625 0.6517595307917888 0.3958333333333333 0.6517595307917888 0.37916666666666665 0.6480938416422287 0.3697916666666667 0.6400293255131965 0.3625 0.6282991202346041 0.3614583333333333 0.6187683284457478 0.3645833333333333
0 0.624633431085044 0.2916666666666667 0.625366568914956 0.315625 0.6341642228739003 0.334375 0.657624633431085 0.3333333333333333 0.6612903225806451 0.32916666666666666 0.6642228739002932 0.2947916666666667 0.6539589442815249 0.278125 0.6348973607038123 0.2791666666666667
0 0.9423782991202346 0.240084375 0.9558907624633431 0.23735833333333334 0.9661165689149559 0.24267708333333332 0.9717133431085043 0.25034375000000003 0.9717280058651026 0.262675 0.9666363636363636 0.2860270833333333 0.9565439882697948 0.288734375 0.9423416422287391 0.28787604166666664 0.9363914956011731 0.2840520833333333 0.932641495601173 0.27297083333333333
0 0.923792521994135 0.22445625 0.9360865102639295 0.22440520833333333 0.9419560117302053 0.23980520833333333 0.932034457478006 0.27271979166666666 0.9195021994134898 0.27346145833333335 0.9100601173020527 0.26859062499999997 0.9070799120234605 0.2553520833333333 0.9123115835777126 0.23268125
0 0.10017521994134898 0.3361572916666667 0.07521334310850439 0.335009375 0.06800513196480938 0.3434270833333333 0.06371041055718475 0.35970937500000005 0.06499853372434018 0.37802708333333335 0.068458211143695 0.3889416666666667 0.08089662756598241 0.396753125 0.09267155425219942 0.39509479166666667 0.1046700879765396 0.385678125 0.11047434017595309 0.36721458333333334 0.10717302052785924 0.347240625
0 0.10267448680351907 0.29087291666666665 0.10803519061583579 0.3059177083333333 0.10782478005865104 0.32459895833333335 0.09989882697947214 0.335384375 0.07517155425219942 0.33423437500000003 0.06983137829912023 0.32337083333333333 0.0691275659824047 0.30913125 0.07385703812316716 0.29496041666666667 0.08087243401759531 0.28865104166666666 0.0907309384164223 0.28701458333333335
0 0.8805285923753665 0.36981458333333334 0.8792390029325513 0.38899791666666667 0.8833621700879765 0.40927395833333335 0.8925395894428152 0.4194833333333333 0.9042126099706745 0.41961145833333335 0.9170865102639296 0.41239895833333334 0.9229516129032258 0.3957322916666667 0.9222184750733138 0.3717739583333334 0.9149171554252199 0.358628125 0.890217008797654 0.3577708333333333
0 0 0.831221875 0.010244134897360705 0.8410364583333333 0.011252932551319648 0.8644135416666666 0.0062008797653958945 0.8822697916666667 0.0000036656891495601173 0.8898229166666667