0 0.36656891495601174 0.15729166666666666 0.36436950146627567 0.171875 0.3724340175953079 0.20208333333333334 0.38343108504398826 0.20833333333333334 0.39589442815249265 0.20625 0.40542521994134895 0.17708333333333334 0.4010263929618768 0.153125 0.3951612903225806 0.14583333333333334 0.38636363636363635 0.14479166666666668 0.37316715542521994 0.14895833333333333
0 0.46187683284457476 0.353125 0.4604105571847507 0.36875 0.46480938416422285 0.38958333333333334 0.4743401759530792 0.396875 0.4897360703812317 0.3927083333333333 0.4934017595307918 0.37395833333333334 0.4897360703812317 0.35 0.48607038123167157 0.3458333333333333 0.47287390029325516 0.34479166666666666
0 0.2939882697947214 0.30625 0.2932551319648094 0.3260416666666667 0.3035190615835777 0.35 0.3189149560117302 0.35104166666666664 0.3262463343108504 0.34375 0.3313782991202346 0.32395833333333335 0.3313782991202346 0.3125 0.3262463343108504 0.3 0.3189149560117302 0.29375 0.31085043988269795 0.29375
0 0.250733137829912 0.3489583333333333 0.2529325513196481 0.3729166666666667 0.2587976539589443 0.3927083333333333 0.2763929618768328 0.3927083333333333 0.2837243401759531 0.3875 0.28885630498533726 0.37395833333333334 0.29105571847507333 0.34791666666666665 0.28152492668621704 0.3333333333333333 0.2763929618768328 0.3302083333333333 0.2602639296187683 0.33229166666666665
0 0.265900293255132 0.5247739583333334 0.2669259530791789 0.5461791666666667 0.27350293255131963 0.5635416666666667 0.28743255131964807 0.56875 0.3034457478005865 0.5596822916666666 0.3085931085043988 0.5394197916666666 0.3061964809384164 0.5191072916666667 0.2924369501466276 0.5042916666666667 0.27712316715542523 0.504290625
0 0.3275931085043988 0.6083333333333333 0.32832624633431085 0.6416666666666667 0.3371239002932551 0.65625 0.3587206744868035 0.6574333333333333 0.3687675953079179 0.6408864583333334 0.37158137829912025 0.6166666666666667 0.36425 0.5989583333333334 0.3532529325513196 0.5927083333333333 0.33859017595307916 0.5947916666666667
0 0.49352052785923756 0.682009375 0.4942030791788856 0.7010166666666666 0.5041217008797654 0.71244375 0.5214560117302053 0.7141114583333333 0.5351554252199413 0.6984010416666667 0.5344457478005865 0.671875 0.5248431085043987 0.6597520833333334 0.5129662756598241 0.6562208333333334 0.4993423753665689 0.6643666666666667
0 0.5989736070381232 0.43020833333333336 0.5989736070381232 0.45729166666666665 0.6055718475073314 0.47604166666666664 0.6195014662756598 0.4822916666666667 0.626099706744868 0.48125 0.6334310850439883 0.4739583333333333 0.6378299120234604 0.4625 0.6392961876832844 0.44166666666666665 0.6312316715542522 0.4197916666666667 0.6099706744868035 0.41770833333333335 0.6041055718475073 0.42083333333333334
0 0.9479472140762464 0.078125 0.9508797653958945 0.10416666666666667 0.9589442815249267 0.11875 0.9714076246334311 0.11979166666666667 0.9772727272727273 0.11458333333333333 0.9838709677419355 0.090625 0.9838709677419355 0.08333333333333333 0.9772727272727273 0.06770833333333333 0.9714076246334311 0.06354166666666666 0.9582111436950147 0.065625 0.9508797653958945 0.07083333333333333
0 0.4498379765395894 0.9415760416666666 0.4501634897360704 0.960440625 0.45639002932551315 0.9782270833333333 0.46482624633431086 0.9854406250000001 0.48095527859237536 0.9864822916666667 0.49121920821114373 0.979190625 0.4950205278592375 0.9630708333333333 0.49488489736070385 0.9385656250000001 0.48414662756598237 0.9195666666666666 0.47102639296187687 0.9169635416666666 0.45442668621700877 0.9231614583333333
0 0.1840175953079179 0.9322916666666666 0.1840175953079179 0.9625 0.1906158357771261 0.978125 0.2060117302052786 0.98125 0.22067448680351906 0.9677083333333333 0.22067448680351906 0.9333333333333333 0.21407624633431085 0.9197916666666667 0.19574780058651026 0.9197916666666667
0 0.011730205278592375 0.12291666666666666 0 0.125 0 0.17708333333333334 0.004398826979472141 0.18020833333333333 0.02126099706744868 0.178125 0.027126099706744868 0.16041666666666668 0.028592375366568914 0.14583333333333334 0.024926686217008796 0.13125 0.01906158357771261 0.12395833333333334
0 0.4178174486803519 0.7475020833333333 0.43656891495601174 0.7687958333333333 0.43467961876832845 0.8015343749999999 0.41830938416422286 0.813121875 0.40037243401759526 0.80395625 0.3914068914956012 0.7823125 0.3977456011730205 0.754153125
0 0.5767969208211143 0.71269375 0.5774142228739003 0.7292864583333334 0.569475073313783 0.741975 0.5416854838709678 0.7373614583333333 0.5369156891495601 0.7262979166666667 0.5368856304985338 0.7115864583333333 0.5476385630498534 0.6967708333333333 0.5655799120234605 0.6975760416666666
0 0.5414963343108504 0.7388927083333333 0.5329824046920821 0.7615156249999999 0.5401898826979472 0.7851125 0.5570315249266863 0.7877979166666667 0.5695777126099707 0.7821947916666667 0.5736202346041056 0.762159375 0.5696517595307918 0.743384375
0 0.41826612903225807 0.8153302083333334 0.4254765395894428 0.8420104166666668 0.41993035190615835 0.8528989583333334 0.4091019061583578 0.8611583333333334 0.39246334310850445 0.8566531249999999 0.38850146627565985 0.841259375 0.3869171554252199 0.8217354166666666 0.3912558651026393 0.8124583333333334 0.40018255131964814 0.8065687500000001