0 0.9655425219941349 0.140625 0.9655425219941349 0.16875 0.9706744868035191 0.184375 0.9926686217008798 0.18541666666666667 0.999266862170088 0.18020833333333333 0.999266862170088 0.15208333333333332 0.9926686217008798 0.1375 0.9736070381231672 0.134375
0 0.9200879765395894 0.7791666666666667 0.9215542521994134 0.8083333333333333 0.9259530791788856 0.8208333333333333 0.9406158357771262 0.825 0.9479472140762464 0.8229166666666666 0.9545454545454546 0.809375 0.9545454545454546 0.79375 0.9472140762463344 0.7729166666666667 0.9274193548387096 0.7697916666666667
0 0.7602639296187683 0.8177083333333334 0.7595307917888563 0.828125 0.7661290322580645 0.85625 0.7888563049853372 0.85625 0.7903225806451613 0.8333333333333334 0.7859237536656891 0.8145833333333333 0.7661290322580645 0.8125
0 0.49560117302052786 0.7979166666666667 0.4934017595307918 0.8104166666666667 0.499266862170088 0.8375 0.5051319648093842 0.8416666666666667 0.5205278592375366 0.8416666666666667 0.5271260997067448 0.8260416666666667 0.5234604105571847 0.8020833333333334 0.5161290322580645 0.7947916666666667
0 0.4142228739002933 0.7625 0.4156891495601173 0.790625 0.41935483870967744 0.8 0.4398826979472141 0.8020833333333334 0.44501466275659823 0.796875 0.44501466275659823 0.765625 0.4406158357771261 0.7572916666666667 0.43548387096774194 0.7541666666666667 0.41935483870967744 0.7552083333333334
0 0.4875366568914956 0.6416666666666667 0.48607038123167157 0.6697916666666667 0.4912023460410557 0.68125 0.5095307917888563 0.684375 0.5175953079178885 0.6791666666666667 0.5205278592375366 0.6697916666666667 0.5190615835777126 0.65 0.5124633431085044 0.6375 0.4941348973607038 0.6354166666666666
0 0.6788856304985337 0.5822916666666667 0.6788856304985337 0.6072916666666667 0.6847507331378299 0.6208333333333333 0.7045454545454546 0.6239583333333333 0.7126099706744868 0.6177083333333333 0.7140762463343109 0.5947916666666667 0.7082111436950147 0.5760416666666667 0.7038123167155426 0.5729166666666666 0.6854838709677419 0.5739583333333333
0 0.7280058651026393 0.434375 0.7287390029325513 0.45729166666666665 0.7324046920821115 0.471875 0.7478005865102639 0.4739583333333333 0.7558651026392962 0.46979166666666666 0.7580645161290323 0.4510416666666667 0.7529325513196481 0.43125 0.7346041055718475 0.428125
0 0.8482404692082112 0.4635416666666667 0.8467741935483871 0.4739583333333333 0.8497067448680352 0.4947916666666667 0.8541055718475073 0.5052083333333334 0.8724340175953079 0.50625 0.8790322580645161 0.5010416666666667 0.8812316715542522 0.4822916666666667 0.875366568914956 0.4583333333333333 0.8563049853372434 0.45625
0 0.1906158357771261 0.80625 0.18914956011730205 0.8177083333333334 0.19574780058651026 0.8458333333333333 0.21407624633431085 0.8489583333333334 0.22287390029325513 0.8416666666666667 0.22287390029325513 0.8135416666666667 0.21774193548387097 0.8020833333333334 0.19941348973607037 0.8
0 0.23607038123167157 0.6604166666666667 0.23607038123167157 0.6822916666666666 0.24266862170087977 0.696875 0.25806451612903225 0.696875 0.26466275659824046 0.690625 0.2653958944281525 0.6645833333333333 0.26099706744868034 0.65625 0.24193548387096775 0.653125
0 0.062316715542521994 0.696875 0.06304985337243402 0.7208333333333333 0.06818181818181818 0.7354166666666667 0.08797653958944282 0.7375 0.09457478005865103 0.73125 0.093841642228739 0.7 0.09017595307917889 0.6927083333333334 0.07697947214076246 0.6885416666666667 0.06818181818181818 0.690625
0 0.39882697947214074 0.30625 0.39956011730205276 0.328125 0.4032258064516129 0.33958333333333335 0.4083577712609971 0.34270833333333334 0.4244868035190616 0.340625 0.4274193548387097 0.31354166666666666 0.4215542521994135 0.3020833333333333 0.4039589442815249 0.30104166666666665
0 0.4706744868035191 0.26979166666666665 0.4714076246334311 0.290625 0.4750733137829912 0.3 0.4809384164222874 0.30416666666666664 0.49780058651026393 0.3 0.5 0.275 0.49560117302052786 0.2625 0.47873900293255134 0.2604166666666667
0 0.5344574780058651 0.19583333333333333 0.5344574780058651 0.21666666666666667 0.5410557184750733 0.23541666666666666 0.5542521994134897 0.23645833333333333 0.5637829912023461 0.23229166666666667 0.5659824046920822 0.21458333333333332 0.5623167155425219 0.19270833333333334 0.5564516129032258 0.1875 0.5454545454545454 0.1875
0 0.27052785923753664 0.04375 0.27126099706744866 0.06458333333333334 0.27785923753665687 0.08020833333333334 0.2925219941348974 0.08333333333333333 0.2991202346041056 0.078125 0.3020527859237537 0.052083333333333336 0.29545454545454547 0.03854166666666667 0.27712609970674484 0.0375
0 0.11290322580645161 0.271875 0.11217008797653959 0.2864583333333333 0.11803519061583578 0.303125 0.12316715542521994 0.3072916666666667 0.1348973607038123 0.3072916666666667 0.14002932551319647 0.2947916666666667 0.13856304985337242 0.271875 0.1348973607038123 0.26666666666666666 0.11803519061583578 0.2677083333333333
0 0.06818181818181818 0.008333333333333333 0.06818181818181818 0.036458333333333336 0.07551319648093842 0.052083333333333336 0.09604105571847507 0.04479166666666667 0.10190615835777127 0.020833333333333332 0.09824046920821114 0.005208333333333333 0.07624633431085044 0.0020833333333333333
0 0.22580645161290322 0 0.1942815249266862 0.0020833333333333333 0.20087976539589442 0.016666666666666666 0.21407624633431085 0.019791666666666666 0.2221407624633431 0.014583333333333334
0 0.9532543988269795 0.050287500000000006 0.9652873900293255 0.0597625 0.9652873900293255 0.08089479166666667 0.9570293255131964 0.09699583333333334 0.9357932551319649 0.08995208333333334 0.9308387096774193 0.06546458333333333 0.9362653958944281 0.04735104166666667 0.9539618768328445 0.04936354166666667
0 0.683558651026393 0.14931458333333333 0.7047947214076247 0.16004791666666665 0.7047346041055719 0.18710208333333334 0.6786348973607038 0.20255208333333333 0.6698731671554252 0.1862125 0.672233137829912 0.16206041666666668
0 0.6899296187683284 0.06143020833333333 0.7055021994134897 0.07015104166666666 0.705266129032258 0.09698645833333333 0.6939406158357772 0.11241666666666666 0.6764802052785924 0.10671354166666666 0.6691656891495601 0.08792916666666667 0.6738848973607038 0.06746770833333333
0 0.7050945747800587 0.18850104166666667 0.7121092375366569 0.19392708333333333 0.7184794721407625 0.20969270833333334 0.7158841642228739 0.22981875000000002 0.7084552785923753 0.234434375 0.6910975073313783 0.23348125 0.6819068914956011 0.22311041666666667 0.6796180351906158 0.20395104166666667
0 0.690866568914956 0.23431875 0.682932551319648 0.2575125 0.6910285923753665 0.27326666666666666 0.7092976539589443 0.2717333333333333 0.7168284457478006 0.2532989583333333 0.7092793255131965 0.235590625