0 0.3020527859237537 0.19375 0.3020527859237537 0.20729166666666668 0.312316715542522 0.221875 0.32404692082111436 0.22395833333333334 0.3350439882697947 0.21458333333333332 0.33724340175953077 0.196875 0.32991202346041054 0.17916666666666667 0.3225806451612903 0.17604166666666668 0.31158357771260997 0.178125 0.30498533724340177 0.184375
0 0.5403225806451613 0.29375 0.5410557184750733 0.3125 0.5542521994134897 0.325 0.5608504398826979 0.3260416666666667 0.5681818181818182 0.32083333333333336 0.5762463343108505 0.30625 0.5740469208211144 0.2875 0.5623167155425219 0.27708333333333335 0.5505865102639296 0.28020833333333334
0 0.7529325513196481 0.28229166666666666 0.7558651026392962 0.2989583333333333 0.7639296187683284 0.3072916666666667 0.7778592375366569 0.30520833333333336 0.782991202346041 0.3 0.7873900293255132 0.2864583333333333 0.7866568914956011 0.2760416666666667 0.7741935483870968 0.26458333333333334 0.7602639296187683 0.26875
0 0.6620234604105572 0.4583333333333333 0.6612903225806451 0.47708333333333336 0.6700879765395894 0.490625 0.6810850439882697 0.49270833333333336 0.6891495601173021 0.4895833333333333 0.6942815249266863 0.484375 0.6979472140762464 0.47291666666666665 0.6935483870967742 0.4552083333333333 0.6854838709677419 0.446875 0.6693548387096774 0.44895833333333335
0 0.7793255131964809 0.6010416666666667 0.7800586510263929 0.6229166666666667 0.7888563049853372 0.6333333333333333 0.8027859237536656 0.634375 0.8137829912023461 0.6208333333333333 0.8152492668621701 0.6041666666666666 0.8086510263929618 0.590625 0.7866568914956011 0.5895833333333333
0 0.843841642228739 0.6572916666666667 0.844574780058651 0.675 0.8563049853372434 0.6875 0.8702346041055719 0.6864583333333333 0.8804985337243402 0.6739583333333333 0.8804985337243402 0.6583333333333333 0.873900293255132 0.6458333333333334 0.8687683284457478 0.6427083333333333 0.8533724340175953 0.6447916666666667
0 0.35117302052785926 0.71875 0.3519061583577713 0.7385416666666667 0.36070381231671556 0.7489583333333333 0.3782991202346041 0.7489583333333333 0.3878299120234604 0.7322916666666667 0.38563049853372433 0.7166666666666667 0.37390029325513197 0.7041666666666667 0.35777126099706746 0.7072916666666667
0 0.5073313782991202 0.965625 0.5058651026392962 0.9854166666666667 0.5073313782991202 0.9947916666666666 0.5109970674486803 0.9989583333333333 0.5373900293255132 0.9989583333333333 0.5403225806451613 0.9947916666666666 0.5417888563049853 0.9739583333333334 0.5403225806451613 0.9666666666666667 0.532991202346041 0.9572916666666667 0.5139296187683284 0.9572916666666667
0 0.25806451612903225 0.56875 0.2587976539589443 0.584375 0.26759530791788855 0.5958333333333333 0.2829912023460411 0.5947916666666667 0.29178885630498536 0.58125 0.29105571847507333 0.5677083333333334 0.28152492668621704 0.5541666666666667 0.26392961876832843 0.5572916666666666
0 0.312316715542522 0.44375 0.31378299120234604 0.46458333333333335 0.3262463343108504 0.475 0.34017595307917886 0.47291666666666665 0.34824046920821117 0.4583333333333333 0.3460410557184751 0.4375 0.3387096774193548 0.42916666666666664 0.3218475073313783 0.43020833333333336
0 0.05205278592375367 0.38958333333333334 0.051319648093841645 0.40729166666666666 0.05865102639296188 0.4197916666666667 0.07991202346041056 0.4197916666666667 0.08797653958944282 0.40625 0.08797653958944282 0.390625 0.08211143695014662 0.38125 0.060117302052785926 0.378125 0.05571847507331378 0.3802083333333333
0 0.002932551319648094 0.49166666666666664 0 0.49270833333333336 0 0.5427083333333333 0.025659824046920823 0.5322916666666667 0.03372434017595308 0.5229166666666667 0.03519061583577713 0.5083333333333333 0.02932551319648094 0.49270833333333336 0.013929618768328446 0.48854166666666665
0 0.0021994134897360706 0.6510416666666666 0 0.6520833333333333 0 0.6958333333333333 0.013196480938416423 0.6979166666666666 0.024926686217008796 0.6895833333333333 0.026392961876832845 0.6697916666666667 0.01466275659824047 0.6552083333333333
0 0.003718475073313783 0.740625 0.000052785923753665686 0.7447916666666666 0.000052785923753665686 0.771875 0.023207478005865104 0.7821979166666666 0.028645161290322584 0.775 0.03377712609970675 0.765625 0.03377712609970675 0.7458333333333333 0.029378299120234607 0.7364583333333333 0.016181818181818183 0.734375
0 0 0.7729 0 0.81875 0.008797653958944282 0.8177083333333334 0.02126099706744868 0.8052083333333333 0.022727272727272728 0.7833333333333333
0 0.4010263929618768 0.04479166666666667 0.40175953079178883 0.06770833333333333 0.40762463343108507 0.078125 0.41642228739002934 0.08333333333333333 0.4310850439882698 0.08229166666666667 0.4340175953079179 0.078125 0.437683284457478 0.052083333333333336 0.4347507331378299 0.03229166666666667 0.4156891495601173 0.030208333333333334
0 0.1810850439882698 0.0625 0.1774193548387097 0.0875 0.18621700879765396 0.10625 0.19208211143695014 0.11145833333333334 0.20161290322580644 0.11145833333333334 0.21480938416422288 0.096875 0.21700879765395895 0.08333333333333333 0.2126099706744868 0.06666666666666667 0.20087976539589442 0.057291666666666664
0 0.8936950146627566 0.503125 0.8922287390029325 0.515625 0.8988269794721407 0.5291666666666667 0.9120234604105572 0.5333333333333333 0.9237536656891495 0.528125 0.9259530791788856 0.5041666666666667 0.9200879765395894 0.49375 0.905425219941349 0.49166666666666664
0 0.47341202346041056 0.06568958333333333 0.48426979472140763 0.07158854166666666 0.4882375366568915 0.08611041666666666 0.48789149560117306 0.103165625 0.48593035190615835 0.11228229166666666 0.47068035190615837 0.11568020833333333 0.4553174486803519 0.101928125 0.4552038123167156 0.0886625 0.4615762463343109 0.07038125
0 0.5023936950146628 0.07596875 0.5167038123167156 0.08056354166666665 0.5225740469208211 0.09173645833333333 0.517225073313783 0.10920833333333334 0.5002690615835776 0.11438541666666667 0.48843328445747797 0.10386979166666667 0.48888049853372434 0.086615625 0.49271627565982407 0.07698229166666667
0 0.5142756598240469 0.04689583333333334 0.5240755131964809 0.05792395833333333 0.5233922287390029 0.07329270833333333 0.5162162756598241 0.07946979166666666 0.5025659824046921 0.07522083333333333 0.49733211143695016 0.06439479166666667 0.4999552785923753 0.05663854166666667
0 0.49332697947214077 0.009875 0.5047074780058651 0.01133125 0.514607771260997 0.025082291666666666 0.5169978005865102 0.03915729166666667 0.5140549853372435 0.046082291666666664 0.4997008797653959 0.056076041666666666 0.49082331378299116 0.055496875 0.4837675953079179 0.04401041666666667 0.4845645161290323 0.024435416666666664
0 0.5585454545454546 0 0.5494442815249266 0.019434375 0.5501136363636364 0.028992708333333332 0.5655909090909091 0.04225833333333333 0.5828885630498534 0.028992708333333332 0.5823196480938416 0.008445833333333335 0.5687771260997068 0
0 0.5287096774193548 0.00032291666666666666 0.5357653958944282 0.012652083333333335 0.5414765395894428 0.0182 0.5490879765395894 0.018946875 0.557450879765396 0
0 0.5703284457478006 0.33001458333333333 0.5813621700879765 0.33142708333333337 0.5893533724340176 0.3420583333333333 0.5898299120234605 0.3526375 0.5874105571847507 0.3674364583333333 0.5800058651026393 0.37488854166666663 0.5674318181818182 0.377784375 0.5559134897360704 0.35635208333333335 0.5567653958944282 0.34627916666666664 0.5632170087976539 0.33450208333333337
0 0.5553892961876833 0.356715625 0.5668255131964809 0.378365625 0.5650293255131965 0.389934375 0.555241935483871 0.3966052083333333 0.5450146627565983 0.39618854166666667 0.53933284457478 0.390925 0.5370601173020527 0.377428125 0.538049853372434 0.3649729166666667 0.5444648093841642 0.358771875
0 0.60191715542522 0.5265635416666666 0.6132096774193548 0.5283614583333333 0.6202734604105572 0.5415156250000001 0.6197448680351906 0.5495708333333333 0.6022910557184751 0.5709625 0.5915205278592375 0.56499375 0.5884860703812317 0.5506375 0.5899787390029325 0.5362822916666666 0.597191348973607 0.528290625
0 0.6278057184750733 0.5521489583333333 0.6322133431085044 0.5587947916666667 0.6354464809384165 0.571665625 0.6337551319648094 0.5875770833333332 0.6252778592375366 0.595425 0.6123152492668622 0.596275 0.6056488269794722 0.5878593750000001 0.603024926686217 0.5717552083333334 0.6202551319648094 0.5506552083333334
0 0.37977346041055715 0.3816479166666667 0.3927837243401759 0.3845041666666667 0.4009362170087976 0.40510625 0.39887756598240465 0.42020729166666665 0.3851260997067449 0.42793437500000003 0.3738445747800586 0.42559270833333335 0.3694406158357771 0.4161520833333333 0.37173900293255135 0.38927187500000004
0 0.3648240469208211 0.3775125 0.37111876832844576 0.3878947916666667 0.36884530791788855 0.4149291666666667 0.36135557184750733 0.42215520833333336 0.3493057184750733 0.4192708333333333 0.33950733137829914 0.411428125 0.33876612903225806 0.39293229166666666 0.34350293255131964 0.3787510416666667 0.3555865102639296 0.37536875
0 0.9530938416422288 0.48837395833333336 0.9645894428152493 0.49350520833333333 0.9669956011730205 0.5117479166666666 0.9610227272727273 0.5234979166666667 0.9394882697947214 0.5210260416666667 0.9370527859237537 0.5054770833333333 0.9437368035190616 0.492175
0 0.935983137829912 0.525340625 0.9322404692082111 0.5391125 0.9334435483870969 0.5588760416666666 0.9429347507331378 0.5678072916666667 0.9591092375366568 0.5624864583333333 0.9661935483870967 0.5451937499999999 0.9636539589442815 0.5284708333333333 0.9605755131964808 0.5250041666666667 0.9393988269794721 0.5222645833333334
0 0.9784919354838709 0.56370625 0.9893189149560118 0.5636270833333333 0.9950674486803519 0.575409375 0.9956019061583578 0.59118125 0.9857104105571848 0.5991635416666666 0.9724765395894429 0.5946020833333333 0.9685997067448681 0.5794 0.9728775659824048 0.5653375