0 0.6876832844574781 0.075 0.6851539589442814 0.08105833333333333 0.686766862170088 0.09393020833333333 0.6964809384164223 0.1 0.7006598240469208 0.09565 0.7027859237536657 0.09054270833333335 0.7016862170087976 0.07584791666666665 0.6961510263929619 0.071521875
0 0.6963775659824047 0.16062083333333332 0.7044816715542522 0.16257604166666667 0.7135564516129033 0.17602083333333332 0.7099486803519062 0.19389375 0.6954428152492669 0.20105 0.6862448680351906 0.19704687499999998 0.6821488269794722 0.18301354166666667 0.6847800586510263 0.17050208333333333 0.6897595307917889 0.16434583333333333
0 0.5587866568914955 0.19544270833333333 0.5502192082111437 0.20243333333333335 0.5502192082111437 0.213090625 0.5510520527859237 0.223071875 0.5561686217008798 0.22916145833333335 0.566282991202346 0.22916145833333335 0.573541055718475 0.21918020833333335 0.5736605571847507 0.2117375 0.573541055718475 0.2061552083333333 0.5686627565982404 0.20175729166666667 0.5655689149560118 0.19786666666666666
0 0.5069244868035191 0.2626010416666667 0.5137712609970675 0.26029166666666664 0.5191862170087976 0.26576041666666667 0.520233137829912 0.27162291666666666 0.5191290322580645 0.27822708333333335 0.5165711143695014 0.28242395833333334 0.509325513196481 0.2840052083333333 0.5043841642228739 0.2811010416666667 0.5039992668621701 0.26857395833333336
0 0.4984626099706745 0.2643125 0.4923607038123167 0.264215625 0.48896041055718475 0.26917291666666665 0.4876972140762464 0.27796875000000004 0.48922214076246334 0.2849114583333333 0.4967177419354839 0.2886416666666667 0.5016693548387097 0.28600624999999996 0.504184017595308 0.28126874999999996 0.5037785923753666 0.2685375
0 0.42296187683284453 0.3079104166666667 0.42932551319648093 0.3104395833333333 0.4309816715542522 0.31601666666666667 0.4309816715542522 0.326178125 0.42714662756598243 0.33187916666666667 0.420782991202346 0.3329947916666667 0.41555278592375366 0.33039166666666664 0.4152910557184751 0.32382395833333333 0.4152910557184751 0.3162645833333333 0.41851612903225804 0.3106875
0 0.13582917888563048 0.2679885416666667 0.1481033724340176 0.26905416666666665 0.15308064516129033 0.2799114583333333 0.15362609970674487 0.29261041666666665 0.1507624633431085 0.30559895833333334 0.14373900293255132 0.31393645833333333 0.13276099706744868 0.31403333333333333 0.12430571847507331 0.30433958333333333 0.12178299120234604 0.29028333333333334 0.12260117302052786 0.2771 0.12730571847507333 0.27089583333333334 0.13569281524926688 0.2679885416666667
0 0.08817448680351905 0.6939395833333334 0.09640689149560117 0.6946583333333333 0.10139002932551319 0.7025635416666667 0.10240102639296189 0.7134458333333333 0.09951246334310851 0.72299375 0.09279618768328446 0.7288447916666667 0.08311950146627566 0.7281260416666666 0.07669208211143695 0.7204270833333334 0.07654765395894428 0.7049249999999999 0.07878665689149561 0.6960958333333332
0 0.21952199413489737 0.7996875 0.22897360703812317 0.8062343750000001 0.23019281524926685 0.8263177083333333 0.22673753665689148 0.8349864583333333 0.21860703812316715 0.842065625 0.2107815249266862 0.8410541666666667 0.2034640762463343 0.832096875 0.20285483870967744 0.8205385416666666 0.20651319648093844 0.8094135416666667 0.21322067448680354 0.8034895833333333
0 0.26233577712609973 0.6508354166666667 0.2730175953079179 0.6551375 0.275217008797654 0.6674197916666667 0.27458870967741933 0.684615625 0.26547727272727273 0.6910916666666667 0.25149633431085044 0.689975 0.24772653958944282 0.6754593750000001 0.24772653958944282 0.6629541666666667 0.2524391495601173 0.65759375
0 0.29688709677419356 0.026038541666666668 0.3113438416422287 0.0257875 0.3148057184750733 0.04055104166666667 0.3148057184750733 0.05473541666666667 0.31338049853372435 0.06978749999999999 0.30401392961876833 0.07326145833333333 0.29179618768328447 0.07789375000000001 0.2828365102639296 0.06978749999999999 0.28100366568914953 0.04952395833333333 0.2816151026392962 0.03331354166666667 0.28772360703812316 0.02694479166666667
0 0.7065799120234604 0.5800958333333334 0.7157969208211143 0.5837229166666666 0.7205696480938416 0.599984375 0.7183475073313783 0.6134385416666667 0.7061678885630498 0.6171822916666667 0.694400293255132 0.61226875 0.692425219941349 0.5967083333333334 0.6969508797653958 0.5844239583333334
0 0.6958870967741936 0.20166875 0.6954398826979472 0.21555833333333335 0.6992236070381231 0.226778125 0.7088423753665689 0.23543854166666664 0.7193848973607038 0.23368645833333332 0.7254120234604106 0.22326458333333335 0.7269347507331378 0.21309479166666667 0.7242873900293255 0.20167395833333332 0.7178379765395895 0.19549375 0.7104809384164222 0.19418854166666666