0 0.6664222873900293 0.44166666666666665 0.6664222873900293 0.45 0.6737536656891495 0.45625 0.6796187683284457 0.4552083333333333 0.6840175953079178 0.44895833333333335 0.6840175953079178 0.4375 0.6788856304985337 0.43333333333333335 0.6730205278592375 0.43333333333333335
0 0.749192082111437 0.4748395833333333 0.7513863636363637 0.4879729166666667 0.7598629032258064 0.4910770833333334 0.7671319648093842 0.486028125 0.7683621700879766 0.4773270833333333 0.7673123167155426 0.4685375 0.7608049853372434 0.46398958333333334 0.7532888563049854 0.46593958333333335
0 0.4707653958944282 0.6573895833333334 0.4705872434017595 0.6687114583333333 0.4780601173020528 0.6807125 0.48784164222873905 0.6815322916666666 0.4955747800586511 0.6772145833333333 0.49860703812316715 0.6647625 0.49554912023460407 0.6510322916666667 0.4845461876832845 0.647525 0.4742529325513196 0.6499614583333333
0 0.5945894428152493 0.42090625 0.5887206744868035 0.4225041666666666 0.5825945747800586 0.42911145833333336 0.5796319648093842 0.438546875 0.5802543988269795 0.44770937499999997 0.5827074780058651 0.4560666666666667 0.5868526392961877 0.460209375 0.595650293255132 0.46437604166666663 0.6036781524926687 0.46092187500000004 0.6071107038123168 0.45843333333333336 0.6113782991202346 0.4500822916666667 0.6128958944281525 0.43857291666666665 0.6118812316715543 0.4286875
0 0.595267595307918 0.40027291666666664 0.5942822580645162 0.41305000000000003 0.5948819648093842 0.4207677083333333 0.6119428152492669 0.428565625 0.6189567448680352 0.42255937499999996 0.6217008797653959 0.415625 0.6217008797653959 0.403125 0.6195014662756598 0.39479166666666665 0.6107038123167156 0.38958333333333334 0.6019061583577713 0.39375
0 0.6285542521994134 0.8126145833333334 0.6366634897360703 0.8143927083333333 0.6398973607038123 0.8273489583333333 0.6384105571847507 0.839459375 0.6283350439882698 0.8433979166666667 0.6160476539589442 0.8359885416666667 0.6160065982404692 0.823253125 0.6219560117302052 0.8145208333333334
0 0.6051810850439883 0.8369968750000001 0.6156605571847507 0.8361979166666667 0.6282463343108504 0.8437885416666667 0.6274120234604106 0.860046875 0.6224824046920822 0.868396875 0.612341642228739 0.8757135416666666 0.6009545454545454 0.863809375 0.5972807917888563 0.8473864583333334
0 0.6384567448680352 0.8398812499999999 0.6284684750733138 0.8438416666666666 0.6276568914956012 0.8603333333333333 0.636116568914956 0.874509375 0.6495359237536656 0.87243125 0.6544098240469208 0.859259375 0.6526715542521995 0.8471552083333334 0.6464281524926686 0.8402854166666667
0 0.6668804985337243 0.87780625 0.6782595307917888 0.88138125 0.6822558651026392 0.8969572916666666 0.6782595307917888 0.9092354166666666 0.6700762463343108 0.9173375 0.6568145161290323 0.9102947916666667 0.6546099706744868 0.904515625 0.6570124633431085 0.888034375
0 0.6494978005865102 0.8727479166666666 0.6547272727272727 0.8782708333333333 0.6566898826979473 0.888184375 0.6543372434017595 0.9042114583333334 0.6446319648093842 0.9101083333333333 0.6356825513196481 0.9080895833333333 0.6298453079178886 0.8927458333333332 0.6315769794721408 0.8822520833333333 0.6360535190615836 0.8748781250000001
0 0.6150909090909091 0.8925125 0.6295608504398827 0.8927041666666666 0.6355271260997067 0.9086697916666666 0.6344787390029325 0.9171010416666667 0.6284200879765396 0.9262645833333334 0.6185872434017595 0.9287781249999999 0.6085520527859238 0.9214583333333334 0.6072536656891495 0.9041250000000001
0 0.5977844574780059 0.868440625 0.6045432551319648 0.867915625 0.6123892961876832 0.8761989583333333 0.614725073313783 0.882478125 0.6149780058651027 0.8921822916666666 0.6071818181818182 0.9034166666666666 0.5987639296187683 0.90355 0.5928504398826979 0.8962322916666667 0.5904354838709678 0.8794000000000001
0 0.5812456011730205 0.8475385416666666 0.5875439882697947 0.8452968750000001 0.5970454545454545 0.8475 0.6006671554252199 0.86381875 0.5902822580645161 0.8790291666666668 0.5830513196480939 0.8775114583333333 0.5775718475073314 0.869946875 0.575924486803519 0.8571947916666667
0 0.6565007331378299 0.9105822916666667 0.6700571847507332 0.9176770833333333 0.6720373900293255 0.9248510416666667 0.6727133431085044 0.9350875 0.665299853372434 0.9488739583333333 0.6573020527859237 0.9511302083333334 0.6481407624633431 0.9494281250000001 0.6427807917888564 0.9404979166666667 0.6419281524926687 0.9300989583333333 0.6450212609970675 0.9170874999999999
0 0.6837485337243402 0.9336760416666666 0.6912969208211144 0.9387385416666666 0.6945043988269795 0.9579729166666666 0.6892419354838709 0.96723125 0.6810117302052786 0.972178125 0.6692133431085044 0.9674885416666666 0.6655454545454546 0.9494572916666667 0.6729670087976539 0.9352583333333333
0 0.7144479472140762 0.9541541666666667 0.7224728739002932 0.9582072916666667 0.7255439882697947 0.968425 0.7236576246334311 0.9814552083333333 0.7165212609970675 0.9869322916666667 0.7062309384164223 0.9855270833333333 0.6995505865102639 0.9686781250000001 0.7014376832844574 0.9595677083333333 0.707434017595308 0.9552052083333333
0 0.6888284457478006 0.9682416666666666 0.6991458944281524 0.9690458333333333 0.7050139296187683 0.9840427083333334 0.6986781524926686 0.9975937500000001 0.6881048387096774 0.9983854166666667 0.6810945747800586 0.9915135416666666 0.6787741935483871 0.9818020833333333 0.6814816715542522 0.9730052083333334
0 0.7727272727272727 0.8708333333333333 0.7756598240469208 0.8875 0.7866568914956011 0.8916666666666667 0.7910557184750733 0.8802083333333334 0.7910557184750733 0.8697916666666666 0.7851906158357771 0.8635416666666667 0.7793255131964809 0.8635416666666667
0 0.5447214076246334 0.125 0.5447214076246334 0.140625 0.5542521994134897 0.146875 0.5645161290322581 0.146875 0.5711143695014663 0.14270833333333333 0.5740469208211144 0.13541666666666666 0.5725806451612904 0.12395833333333334 0.5645161290322581 0.11666666666666667 0.5520527859237536 0.11770833333333333
0 0.312316715542522 0.1125 0.31158357771260997 0.12604166666666666 0.3218475073313783 0.1375 0.33357771260997066 0.13541666666666666 0.3409090909090909 0.12395833333333334 0.3387096774193548 0.109375 0.3313782991202346 0.10416666666666667 0.3189149560117302 0.10520833333333333
0 0.3027859237536657 0.475 0.30252639296187683 0.49288125 0.31078005865102637 0.5021708333333333 0.3272925219941349 0.5021656250000001 0.33398533724340174 0.487059375 0.33252932551319647 0.4716052083333333 0.32273826979472137 0.4631885416666667 0.3093841642228739 0.465625
0 0.3988973607038123 0.9792000000000001 0.3939039589442815 0.9989583333333333 0.437683284457478 0.9989583333333333 0.43328445747800587 0.984375 0.42514882697947215 0.9716916666666666 0.4069442815249267 0.970934375
0 0.3874024926686217 0.07851875 0.39726612903225805 0.08575624999999999 0.39769061583577714 0.10487291666666666 0.38685703812316713 0.115959375 0.37761290322580643 0.11028854166666666 0.3721304985337244 0.097246875 0.37689369501466274 0.08098645833333333
0 0.3867118768328446 0.12409583333333334 0.38924266862170087 0.13703125000000002 0.39941935483870966 0.142159375 0.4104948680351906 0.13288020833333333 0.4110777126099707 0.11945520833333334 0.40384897360703814 0.10851666666666666 0.3963174486803519 0.10680937500000001 0.3871568914956012 0.1160625
0 0.19458870967741934 0.49990208333333336 0.20686730205278592 0.5013020833333334 0.21488049853372432 0.516078125 0.21336363636363637 0.5295583333333334 0.20824340175953077 0.5414208333333334 0.2006576246334311 0.5441177083333333 0.19271334310850438 0.5431708333333333 0.18257697947214077 0.5219958333333333 0.18508724340175953 0.5057770833333334
0 0.17331378299120234 0.5220260416666667 0.1824706744868035 0.52239375 0.19244354838709676 0.5433010416666666 0.1904032258064516 0.556896875 0.1839090909090909 0.5659916666666667 0.17273240469208212 0.5668802083333334 0.1653973607038123 0.5613958333333334 0.1610117302052786 0.550125 0.1610117302052786 0.5374541666666667 0.1670799120234604 0.5264
0 0.3849076246334311 0.46335 0.39372360703812315 0.46391770833333335 0.39773093841642226 0.4799979166666667 0.39610483870967744 0.4911270833333334 0.39159970674486805 0.4964791666666667 0.3857206744868035 0.4987947916666667 0.37921260997067446 0.4958208333333333 0.3735850439882698 0.4888708333333333 0.37293695014662753 0.4784729166666667 0.3780505865102639 0.4667427083333333
0 0.3968966275659824 0.4572041666666667 0.40212463343108507 0.4519958333333333 0.4082192082111437 0.45041770833333333 0.414774926686217 0.4520635416666667 0.4195161290322581 0.45984375 0.4194039589442815 0.47191354166666666 0.4160571847507331 0.480921875 0.40791788856304984 0.4857677083333333 0.40281451612903224 0.4847916666666666 0.39798313782991207 0.480121875 0.39373973607038126 0.4634635416666667
0 0.4654655425219941 0.44262083333333335 0.4717624633431085 0.4497510416666667 0.4729846041055718 0.4621895833333333 0.4715315249266862 0.4714427083333333 0.45923313782991204 0.4795510416666667 0.4464728739002933 0.469909375 0.44342668621700876 0.46221249999999997 0.44442668621700876 0.4511864583333333 0.4489127565982405 0.4444520833333333 0.4570843108504399 0.44091874999999997
0 0.4421935483870968 0.47287812500000004 0.4463570381231672 0.47023437500000004 0.4591173020527859 0.4799166666666667 0.4592551319648094 0.499903125 0.45173313782991203 0.5087447916666666 0.4439149560117302 0.510246875 0.43762756598240465 0.5067177083333333 0.4350923753665689 0.49860625 0.4338240469208211 0.48628854166666663 0.43752199413489734 0.4776520833333333
0 0.4594296187683285 0.479896875 0.4715315249266862 0.4719125 0.4776312316715543 0.4735552083333333 0.4806869501466276 0.48027916666666665 0.482008064516129 0.49101875 0.4794193548387097 0.5033364583333333 0.4710718475073314 0.5074666666666666 0.46166862170087974 0.5031114583333334 0.4593709677419355 0.4998625