0 0.38563049853372433 0.3333333333333333 0.38636363636363635 0.353125 0.3944281524926686 0.3645833333333333 0.40762463343108507 0.3645833333333333 0.4156891495601173 0.353125 0.41642228739002934 0.33541666666666664 0.40762463343108507 0.321875 0.39589442815249265 0.32083333333333336
0 0.3323174486803519 0.3753854166666667 0.33016715542521996 0.3940177083333333 0.3372397360703812 0.40855729166666666 0.34916568914956014 0.4132520833333333 0.36371700879765395 0.40418333333333334 0.3658592375366569 0.38219375 0.36170014662756594 0.36779791666666667 0.3530989736070381 0.3618354166666667 0.33962609970674484 0.36406041666666666
0 0.19941348973607037 0.3770833333333333 0.19868035190615835 0.3927083333333333 0.20747800586510265 0.40729166666666666 0.218475073313783 0.409375 0.22947214076246333 0.4 0.23240469208211142 0.38125 0.22434017595307917 0.36666666666666664 0.21041055718475074 0.36354166666666665
0 0.19501466275659823 0.46458333333333335 0.19449120234604106 0.4750125 0.19462023460410557 0.48748125000000003 0.20016642228739 0.49692291666666666 0.2047448680351906 0.5017822916666667 0.22287390029325513 0.496875 0.22727272727272727 0.4791666666666667 0.22067448680351906 0.46145833333333336 0.20747800586510265 0.4552083333333333
0 0.14033431085043988 0.550878125 0.1409567448680352 0.5678572916666667 0.1532258064516129 0.5802083333333333 0.16646041055718475 0.576346875 0.17380058651026392 0.5648510416666667 0.17492082111436952 0.549109375 0.1696950146627566 0.537259375 0.1601158357771261 0.5317770833333333 0.14882697947214077 0.53125
0 0.045454545454545456 0.6114583333333333 0.0469208211143695 0.6364583333333333 0.060117302052785926 0.6479166666666667 0.07551319648093842 0.6427083333333333 0.08357771260997067 0.61875 0.07918108504398827 0.6039208333333334 0.0718475073313783 0.5958333333333333 0.05498533724340176 0.5979166666666667
0 0.2025901759530792 0.8108916666666667 0.20381231671554254 0.8302083333333333 0.2118768328445748 0.8427083333333333 0.2250733137829912 0.84375 0.23203299120234605 0.8371135416666667 0.23742448680351905 0.8253677083333333 0.23483357771260996 0.8043656250000001 0.2244010263929619 0.7952083333333333 0.21354838709677418 0.7953104166666667
0 0.19206891495601175 0.9525875 0.1933541055718475 0.9693041666666667 0.20083064516129032 0.981234375 0.2110564516129032 0.9855979166666666 0.21973460410557186 0.9840052083333333 0.22727785923753666 0.9766364583333333 0.2294010263929619 0.959165625 0.22355791788856305 0.9395677083333334 0.2102558651026393 0.9349291666666667 0.1990909090909091 0.9386666666666666
0 0.32695014662756594 0.805509375 0.32749999999999996 0.8229145833333333 0.33639222873900293 0.8375 0.35032184750733136 0.8375 0.35911143695014663 0.8233302083333334 0.35985263929618766 0.80625 0.3510549853372434 0.7927083333333333 0.33712536656891495 0.7916666666666666
0 0.5344574780058651 0.79375 0.5344574780058651 0.8104166666666667 0.5447214076246334 0.8260416666666667 0.5623167155425219 0.8260416666666667 0.5718475073313783 0.809375 0.5718475073313783 0.7916666666666666 0.5623167155425219 0.7802083333333333 0.5461876832844574 0.7802083333333333
0 0.8034816715542522 0.803125 0.8042148093841642 0.821875 0.81616642228739 0.8366770833333333 0.8291414956011731 0.8354166666666667 0.8379391495601174 0.81875 0.8379391495601174 0.8010416666666667 0.826942082111437 0.7864583333333334 0.8152118768328446 0.7864583333333334
0 0.8958944281524927 0.86875 0.8951612903225806 0.8885416666666667 0.9039589442815249 0.9072916666666667 0.9149560117302052 0.9083333333333333 0.9244868035190615 0.9010416666666666 0.9288856304985337 0.8802083333333334 0.9222873900293255 0.8604166666666667 0.906891495601173 0.85625
0 0.8900293255131965 0.9614583333333333 0.8922287390029325 0.9854166666666667 0.9010263929618768 0.9947916666666666 0.9105571847507331 0.9958333333333333 0.9237536656891495 0.98125 0.9237536656891495 0.95625 0.9142228739002932 0.9427083333333334 0.8966275659824047 0.946875
0 0.9481480938416421 0.7398770833333334 0.9604516129032258 0.7696510416666666 0.9541656891495601 0.7843322916666666 0.9390491202346042 0.7896510416666668 0.9259486803519061 0.7793500000000001 0.9245967741935485 0.7602083333333333 0.9323394428152493 0.741465625
0 0.9701495601173021 0.7232458333333334 0.9805153958944282 0.7304770833333334 0.9843592375366569 0.7511427083333333 0.9777126099706744 0.7662114583333334 0.9699802052785924 0.7705833333333333 0.9607441348973607 0.7699708333333334 0.9481634897360705 0.73955625 0.953317448680352 0.7289770833333333 0.9609501466275661 0.724509375
0 0.8150960410557184 0.6134864583333334 0.8160872434017595 0.6336583333333333 0.8233137829912024 0.6458333333333334 0.8381011730205279 0.6478437499999999 0.8470373900293254 0.640425 0.8527404692082111 0.6301864583333334 0.8535146627565983 0.6183364583333333 0.8506187683284457 0.605321875 0.8407324046920821 0.5947958333333333 0.8284457478005866 0.5947916666666667 0.8203812316715543 0.6010416666666667
0 0.8181979472140762 0.4822916666666667 0.8152653958944281 0.5020833333333333 0.822615835777126 0.51683125 0.8370835777126099 0.5184083333333334 0.8456099706744868 0.5088489583333333 0.848065982404692 0.49300625 0.841658357771261 0.478125 0.828074780058651 0.47550000000000003
0 0.4831378299120235 0.55 0.48167155425219943 0.571875 0.4904692082111437 0.5875 0.5043988269794721 0.590625 0.5117302052785924 0.5854166666666667 0.5175953079178885 0.5677083333333334 0.5161290322580645 0.5520833333333334 0.5117302052785924 0.5458333333333333 0.49486803519061584 0.5395833333333333
0 0.6422287390029325 0.3625 0.6422287390029325 0.378125 0.6458944281524927 0.38645833333333335 0.6605571847507331 0.4 0.6722873900293255 0.39479166666666665 0.6840175953079178 0.36875 0.6774193548387096 0.3541666666666667 0.6642228739002932 0.34479166666666666 0.6502932551319648 0.3489583333333333
0 0.8123123167155425 0.377546875 0.8109838709677419 0.39335833333333337 0.8185395894428152 0.4092708333333333 0.8309560117302053 0.4124708333333333 0.8423203812316715 0.4049760416666667 0.8467573313782992 0.38918125 0.842991202346041 0.3712104166666667 0.8323409090909092 0.362640625 0.819400293255132 0.36557604166666663
0 0.7214076246334311 0.1875 0.7228739002932552 0.20104166666666667 0.7324046920821115 0.21666666666666667 0.7419354838709677 0.21770833333333334 0.7478005865102639 0.21354166666666666 0.7543988269794721 0.2 0.7529325513196481 0.18020833333333333 0.7434017595307918 0.17083333333333334 0.7294721407624634 0.17395833333333333
0 0.7668621700879765 0.15 0.7690615835777126 0.17291666666666666 0.7793255131964809 0.18333333333333332 0.7910557184750733 0.18229166666666666 0.8013196480938416 0.16979166666666667 0.8027859237536656 0.15 0.7983870967741935 0.13958333333333334 0.7910557184750733 0.13333333333333333 0.7778592375366569 0.13333333333333333
0 0.9171554252199413 0.004166666666666667 0.9193548387096774 0.026041666666666668 0.9325513196480938 0.036458333333333336 0.9464809384164223 0.030208333333333334 0.9530791788856305 0.0125 0.9494134897360704 0 0.9186217008797654 0
0 0.718475073313783 0.015625 0.717741935483871 0.034375 0.7250733137829912 0.051041666666666666 0.7316715542521994 0.05625 0.7397360703812317 0.05625 0.751466275659824 0.04583333333333333 0.7551319648093842 0.022916666666666665 0.7426686217008798 0 0.7272727272727273 0
0 0.28155791788856305 0.182546875 0.2830043988269795 0.19496770833333335 0.28953812316715544 0.2095270833333333 0.30068181818181816 0.21128333333333332 0.30894868035190615 0.20378854166666666 0.31387316715542524 0.19148229166666667 0.31378299120234604 0.17708333333333334 0.3064142228739003 0.16701770833333332 0.2952148093841642 0.164415625 0.2855923753665689 0.17101041666666666
0 0.31612756598240466 0.067240625 0.31775513196480937 0.08330625 0.322400293255132 0.091115625 0.32991202346041054 0.09583333333333334 0.34529398826979474 0.093596875 0.3506847507331378 0.083734375 0.3522199413489736 0.06473229166666666 0.34087316715542526 0.04988333333333333 0.3277126099706745 0.04895833333333333 0.32038123167155425 0.05520833333333333
0 0.14359237536656894 0.27612916666666665 0.1322514662756598 0.2831072916666667 0.12650953079178887 0.29458020833333337 0.12724413489736072 0.3097958333333333 0.13364809384164222 0.32195520833333335 0.1416818181818182 0.32466875 0.1551532258064516 0.32254375 0.16096700879765397 0.31595625 0.16367595307917887 0.30804270833333336 0.16411656891495602 0.30007187500000004 0.16342155425219942 0.289040625
0 0.16341788856304984 0.245390625 0.17420821114369503 0.25308437500000003 0.1767199413489736 0.26940000000000003 0.173341642228739 0.283653125 0.1637074780058651 0.2888041666666667 0.14373973607038124 0.27576979166666665 0.14240982404692082 0.26524583333333335 0.14614222873900293 0.25388229166666665 0.15458944281524928 0.24537395833333334