0 0.09768768328445748 0.414153125 0.09740615835777126 0.42841145833333333 0.10353445747800587 0.4388885416666667 0.12152126099706745 0.43676666666666664 0.12890909090909092 0.4201125 0.12237170087976539 0.401353125 0.10415102639296188 0.3990020833333333
0 0.4032258064516129 0.4739583333333333 0.4002932551319648 0.4822916666666667 0.40175953079178883 0.5125 0.4120234604105572 0.5239583333333333 0.4274193548387097 0.521875 0.43255131964809385 0.5104166666666666 0.43255131964809385 0.4822916666666667 0.4237536656891496 0.471875
0 0.5667155425219942 0.565625 0.5645161290322581 0.571875 0.5652492668621701 0.5947916666666667 0.5689149560117303 0.6020833333333333 0.5747800586510264 0.6072916666666667 0.5879765395894428 0.6041666666666666 0.593841642228739 0.59375 0.591642228739003 0.5677083333333334 0.5835777126099707 0.5614583333333333 0.5718475073313783 0.5614583333333333
0 0.8724420821114369 0.8973614583333334 0.8768328445747801 0.9195385416666666 0.8826979472140762 0.9237052083333332 0.8958944281524927 0.9226635416666666 0.9010263929618768 0.9112052083333333 0.8988269794721407 0.8851635416666667 0.8936950146627566 0.8789135416666666 0.8804985337243402 0.877871875 0.8756524926686218 0.8818958333333333
0 0.9824046920821115 0.8208333333333333 0.9787390029325513 0.8260416666666667 0.9809384164222874 0.8510416666666667 0.9882697947214076 0.8635416666666667 0.999266862170088 0.86875 0.999266862170088 0.815625
0 0.8086510263929618 0.390625 0.8093841642228738 0.42291666666666666 0.8137829912023461 0.43333333333333335 0.8189149560117303 0.4375 0.8372434017595308 0.434375 0.8401759530791789 0.421875 0.8365102639296188 0.3885416666666667 0.8335777126099707 0.3854166666666667 0.8108504398826979 0.38645833333333335
0 0.6900960410557185 0.41033125 0.6891495601173021 0.4239583333333333 0.6935483870967742 0.44479166666666664 0.7008797653958945 0.44895833333333335 0.7140762463343109 0.44479166666666664 0.717741935483871 0.43854166666666666 0.718475073313783 0.41875 0.7133431085043989 0.40520833333333334 0.7096774193548387 0.40208333333333335 0.6965865102639296 0.40297083333333333
0 0.6715542521994134 0.3489583333333333 0.6708211143695014 0.359375 0.6716282991202346 0.37221354166666665 0.6730205278592375 0.3802083333333333 0.6759530791788856 0.3854166666666667 0.6832844574780058 0.39375 0.6972140762463344 0.39166666666666666 0.7023460410557185 0.3802083333333333 0.703308651026393 0.36024062500000004 0.6973592375366569 0.34475208333333335 0.6832844574780058 0.3416666666666667 0.6744868035190615 0.34375
0 0.5889692082111437 0.35229166666666667 0.596599706744868 0.36099791666666664 0.5965703812316715 0.37569583333333334 0.5919259530791788 0.38771458333333336 0.5776026392961877 0.391153125 0.5684978005865103 0.3812729166666667 0.5678057184750733 0.3646739583333333 0.5761114369501467 0.3542666666666667
0 0.5741510263929619 0.40303645833333335 0.5744068914956012 0.41764270833333333 0.5890095307917889 0.42635625000000005 0.5998643695014663 0.422578125 0.6043702346041055 0.40516145833333334 0.5979574780058651 0.3919958333333333 0.5918350439882698 0.38816354166666667 0.5774090909090909 0.39170312500000004
0 0.5743460410557185 0.41842083333333335 0.5645271260997068 0.42229374999999997 0.5610322580645162 0.43716979166666664 0.564775659824047 0.4534447916666667 0.5714244868035191 0.4597 0.5820498533724341 0.46165520833333334 0.5917397360703812 0.45385833333333336 0.5927404692082112 0.43567291666666663 0.5887653958944282 0.42705000000000004
0 0.49213709677419354 0.457325 0.4850733137829912 0.47787708333333334 0.48647360703812315 0.48573541666666664 0.49115615835777127 0.49152395833333334 0.4985799120234604 0.49411770833333335 0.5111495601173021 0.4882354166666667 0.5137595307917889 0.48293125 0.5145366568914956 0.47401354166666665 0.5117573313782992 0.46474895833333335 0.5064303519061584 0.456475
0 0.4995146627565982 0.495609375 0.49558651026392964 0.5088322916666667 0.49920234604105573 0.521865625 0.5078563049853373 0.5242239583333334 0.5175483870967742 0.5207552083333333 0.5215439882697946 0.5123562500000001 0.5224538123167155 0.5025916666666667 0.5193739002932551 0.4931760416666667 0.5119633431085043 0.4895770833333334
0 0.4964142228739003 0.41433958333333337 0.506591642228739 0.4161697916666667 0.5131957478005865 0.42504895833333334 0.5138841642228739 0.4428020833333333 0.5111436950146628 0.4491125 0.5061224340175953 0.45519270833333336 0.491791788856305 0.4555635416666667 0.48409384164222874 0.43995104166666665 0.4841026392961877 0.4318666666666667 0.48887756598240467 0.4200427083333333
0 0.4706840175953079 0.43899479166666666 0.462675219941349 0.44960312500000005 0.4609816715542522 0.46230208333333334 0.462991202346041 0.4694010416666667 0.47126612903225806 0.47885416666666664 0.4841363636363636 0.47742083333333335 0.49101759530791794 0.4564625 0.48271114369501467 0.4393697916666667 0.47638269794721405 0.4375604166666667
0 0.27598167155425224 0.4667125 0.28820674486803516 0.469515625 0.2950652492668622 0.48057083333333334 0.29503592375366566 0.4951052083333333 0.2852324046920821 0.510459375 0.2828717008797654 0.51415 0.2652346041055718 0.5133864583333333 0.25964149560117306 0.5052708333333333 0.2581356304985337 0.49404375 0.25936803519061585 0.48626458333333333 0.2612910557184751 0.4795375 0.26454472140762464 0.474771875 0.2686363636363637 0.47077708333333335
0 0.30748533724340177 0.49666458333333335 0.31483357771260995 0.5054791666666667 0.3176642228739003 0.5178364583333334 0.31616129032258067 0.5271927083333333 0.30985117302052784 0.5353593750000001 0.2993848973607038 0.538190625 0.29000513196480937 0.5348760416666667 0.28451026392961876 0.5179854166666666 0.2855285923753666 0.5104510416666667 0.2953255131964809 0.495240625
0 0.261933284457478 0.518309375 0.26068035190615835 0.5267145833333333 0.2623702346041056 0.5367885416666667 0.26598460410557184 0.54383125 0.273299853372434 0.5473177083333333 0.27809457478005867 0.5470260416666667 0.2860190615835777 0.542403125 0.28979398826979474 0.5352885416666666 0.28306598240469205 0.5144854166666667 0.2652470674486804 0.5140864583333333
0 0.16983431085043987 0.4481677083333333 0.17554765395894428 0.4424166666666667 0.19560483870967743 0.4490020833333333 0.19541275659824048 0.4602927083333333 0.1930381231671554 0.47109062500000004 0.19016129032258064 0.4787177083333333 0.18188782991202346 0.4830614583333333 0.17534677419354838 0.48202812500000003 0.16898020527859237 0.47668854166666663 0.16494721407624632 0.472078125
0 0.17568108504398827 0.412134375 0.1723049853372434 0.434840625 0.17519134897360705 0.44196145833333333 0.19548020527859236 0.44797916666666665 0.19992521994134896 0.4392114583333333 0.20247287390029325 0.4266489583333334 0.19953372434017594 0.417640625 0.18910630498533723 0.41134270833333336
0 0.16026466275659823 0.3993541666666667 0.17059457478005866 0.40196666666666664 0.17540982404692082 0.4106885416666667 0.17181891495601173 0.434759375 0.16721700879765397 0.4405135416666666 0.15001466275659825 0.434384375 0.14686290322580645 0.4204989583333333 0.14948900293255132 0.40869479166666667 0.15476686217008798 0.40166979166666666
0 0.14420527859237536 0.4421 0.14090395894428154 0.45632083333333334 0.14447727272727273 0.46889687500000005 0.15133944281524925 0.4733572916666667 0.1580982404692082 0.47496875000000005 0.1646224340175953 0.47189791666666664 0.16948973607038123 0.4480864583333333 0.16719428152492669 0.4409666666666666 0.1498599706744868 0.4349770833333333
0 0.37416788856304983 0.6374708333333333 0.39024046920821115 0.6606604166666667 0.38987096774193547 0.6714177083333334 0.3853489736070381 0.6816520833333333 0.3773196480938416 0.6866375 0.365599706744868 0.6871614583333333 0.35554032258064516 0.6811270833333333 0.3537866568914956 0.6702375 0.3525865102639296 0.6558052083333333 0.3546173020527859 0.6450479166666666 0.3626458944281525 0.6358635416666666
0 0.39550293255131963 0.6115229166666667 0.40405058651026393 0.6197791666666668 0.40708064516129033 0.6279916666666666 0.40625 0.6472781249999999 0.4006854838709677 0.6556447916666667 0.3906810850439883 0.6598437500000001 0.3745278592375367 0.6366999999999999 0.3776407624633431 0.62353125 0.3843724340175953 0.6132677083333333