0 0.4368695014662756 0.3334697916666666 0.4361363636363636 0.3647197916666666 0.4405351906158358 0.388678125 0.45153225806451613 0.4115947916666666 0.4727932551319648 0.42617812499999996 0.5057844574780058 0.423053125 0.5285117302052785 0.4115947916666666 0.5431744868035191 0.391803125 0.5527052785923754 0.3647197916666666 0.5541715542521994 0.34596979166666664 0.5535806451612902 0.3179604166666667 0.5460447214076246 0.28910416666666666 0.49220894428152495 0.2555364583333333 0.4698607038123167 0.26159479166666666 0.4448695014662757 0.296146875
0 0.48536363636363633 0.178125 0.4834596774193548 0.21669687499999998 0.48665615835777126 0.238321875 0.493049853372434 0.25445104166666666 0.5453027859237537 0.2872625 0.5557536656891495 0.28813645833333335 0.5637448680351906 0.28638854166666666 0.5757939882697948 0.28324166666666667 0.5903020527859237 0.27205520833333335 0.600383431085044 0.25125625 0.6063313782991202 0.23229166666666667 0.6113262463343109 0.209865625 0.6092639296187683 0.16145833333333334 0.6033988269794721 0.13854166666666667 0.5858035190615836 0.11458333333333333 0.5633680351906158 0.10553854166666667 0.5205982404692082 0.10864479166666667 0.5014926686217008 0.12291666666666666 0.48976246334310847 0.14583333333333334
0 0.48018914956011727 0 0.4747126099706745 0.031272916666666664 0.4818731671554252 0.07383854166666667 0.4933240469208211 0.09432083333333334 0.5207177419354839 0.10745104166666668 0.5635447214076246 0.10452708333333334 0.5779024926686217 0.08453437500000001 0.5932983870967742 0.05224270833333333 0.5969640762463343 0.03661770833333333 0.5969640762463343 0.019951041666666666 0.588899560117302 0.00015937499999999998
0 0.20936876832844575 0.28729062499999997 0.21104032258064515 0.327009375 0.22197653958944283 0.36371458333333334 0.23935557184750733 0.38389270833333333 0.26343108504398827 0.3957 0.30970747800586507 0.37729583333333333 0.3221260997067449 0.3539229166666667 0.32953958944281525 0.3337864583333333 0.3323431085043988 0.29654895833333333 0.3272412023460411 0.26237499999999997 0.31185043988269795 0.23310729166666666 0.2845307917888563 0.21828958333333331 0.24953225806451615 0.22122604166666668 0.21994134897360704 0.25205937500000003
0 0.24797580645161288 0.44373854166666665 0.2507316715542522 0.4864583333333333 0.2734589442815249 0.5364583333333334 0.28665542521994136 0.5458333333333333 0.30498387096774193 0.5510416666666667 0.33430938416422284 0.5458333333333333 0.35226832844574785 0.52023125 0.3658343108504399 0.4864583333333333 0.3667375366568915 0.4420458333333333 0.34418548387096776 0.3928979166666667 0.3101686217008798 0.37864583333333335 0.2632675953079179 0.39769895833333335
0 0.08151759530791788 0.649059375 0.11656891495601172 0.6853354166666666 0.1429618768328446 0.6863770833333334 0.16715542521994134 0.6790854166666667 0.18548387096774194 0.6582520833333334 0.2001466275659824 0.6155437500000001 0.2001466275659824 0.5832520833333333 0.19208211143695014 0.5530437500000001 0.18035190615835778 0.5311687500000001 0.15469208211143695 0.51241875 0.13500513196480937 0.510090625 0.11143695014662756 0.5155437500000001 0.08515762463343109 0.5442687500000001 0.0742866568914956 0.586203125
0 0.18695014662756598 0.8521041666666667 0.18548387096774194 0.8843958333333333 0.18914956011730205 0.9021041666666666 0.2126099706744868 0.9427291666666666 0.22727272727272727 0.9500208333333333 0.24062536656891498 0.9528416666666666 0.250733137829912 0.9541875 0.26804398826979475 0.9485781249999999 0.3025095307917888 0.90371875 0.30425219941348974 0.8885625 0.3027859237536657 0.8489791666666666 0.2932551319648094 0.8218958333333333 0.27126099706744866 0.7948125 0.2536656891495601 0.7875208333333333 0.2221407624633431 0.7875208333333333 0.20967741935483872 0.7948125 0.19648093841642228 0.8093958333333333 0.18914956011730205 0.8323125
0 0.26803372434017597 0.95 0.26463196480938417 0.9748625000000001 0.26670601173020525 0.9989583333333333 0.3833299120234604 0.9989583333333333 0.37904618768328446 0.9583333333333334 0.37244794721407626 0.940625 0.3607177419354839 0.9229166666666667 0.3401898826979472 0.9072916666666667 0.3243291788856305 0.9026927083333334 0.3028211143695015 0.9045520833333334
0 0.5273387096774194 0.5651947916666666 0.5242492668621701 0.5860552083333334 0.5278592375366569 0.6041666666666666 0.5366568914956011 0.6385416666666667 0.5491202346041055 0.6572916666666667 0.5623167155425219 0.66875 0.5769794721407625 0.6729166666666667 0.5967741935483871 0.6677083333333333 0.6231671554252199 0.6541666666666667 0.6392961876832844 0.6302083333333334 0.6422287390029325 0.6125 0.6363636363636364 0.5583333333333333 0.6209677419354839 0.528125 0.5997067448680352 0.5041666666666667 0.5718475073313783 0.5 0.5564516129032258 0.5052083333333334 0.5410557184750733 0.5208333333333334 0.532991202346041 0.534375
0 0.6972140762463344 0.435196875 0.6972140762463344 0.482071875 0.7016129032258065 0.510196875 0.7082111436950147 0.5268635416666666 0.7143944281524927 0.5358729166666667 0.7206744868035191 0.5435302083333333 0.7412023460410557 0.5529052083333333 0.7646627565982405 0.553946875 0.7873900293255132 0.5424885416666666 0.7969208211143695 0.528946875 0.8108504398826979 0.4810302083333333 0.8123167155425219 0.46228020833333333 0.8079178885630498 0.4372802083333333 0.7947214076246334 0.4112385416666667 0.7697947214076246 0.3904052083333333 0.7412023460410557 0.388321875 0.7118768328445748 0.4029052083333333
0 0.7603284457478006 0.8217354166666666 0.7588621700879765 0.86444375 0.7683929618768328 0.8884020833333334 0.7837888563049853 0.9061104166666667 0.811109237536657 0.9182479166666667 0.836574780058651 0.91131875 0.8571026392961877 0.8873604166666667 0.8695659824046921 0.8602770833333333 0.8742558651026392 0.8370041666666667 0.8597074780058651 0.77465 0.8379882697947215 0.7588833333333334 0.8101818181818181 0.7602770833333333 0.7881876832844574 0.7727770833333333 0.772791788856305 0.7915270833333333
0 0.8690439882697947 0.7390947916666666 0.860657624633431 0.7735802083333333 0.8752617302052785 0.8368927083333334 0.8961011730205278 0.8559083333333334 0.9282104105571847 0.8594572916666666 0.9624428152492668 0.8452291666666666 0.974241935483871 0.8172729166666667 0.9780806451612903 0.7705395833333333 0.9623262463343109 0.7253052083333333 0.9362749266862169 0.7094572916666666 0.8915535190615835 0.7167489583333333
0 0.0712382697947214 0.11953020833333333 0.06474193548387097 0.15559895833333334 0.07025073313782991 0.21413333333333334 0.09574266862170087 0.2552270833333333 0.12019208211143695 0.2613979166666667 0.15391642228739003 0.2613979166666667 0.17979985337243404 0.23602083333333335 0.1927727272727273 0.19264791666666667 0.19423900293255134 0.15410625 0.184708211143695 0.11348124999999999 0.16072214076246333 0.08442916666666668 0.1284450146627566 0.07713333333333333 0.09509384164222874 0.08658645833333334