0 0.5132118768328445 0.13930520833333335 0.5124787390029325 0.17680520833333332 0.5264083577712609 0.21430520833333333 0.5509149560117302 0.24034895833333333 0.5850593841642229 0.24138854166666668 0.6037052785923753 0.22569895833333334 0.6167609970674487 0.20664166666666667 0.629733137829912 0.17719479166666666 0.6317976539589443 0.14814479166666666 0.6264530791788856 0.12220729166666668 0.6158511730205278 0.10076354166666666 0.6063387096774194 0.08798125 0.5877873900293255 0.07586979166666666 0.556241935483871 0.07928645833333332 0.5347118768328446 0.10218020833333334
0 0.271700146627566 0.06602812500000001 0.27051246334310847 0.071484375 0.2707866568914956 0.08018958333333333 0.27179178885630495 0.092921875 0.27288856304985337 0.10734270833333334 0.2744868035190616 0.11621458333333333 0.27636143695014664 0.12069270833333333 0.2868709677419355 0.14121979166666668 0.31255131964809385 0.1572 0.3237008797653959 0.159928125 0.33320527859237536 0.15616041666666666 0.3461825513196481 0.149534375 0.356875366568915 0.14160937499999998 0.3629068914956012 0.13423645833333334 0.3682074780058651 0.12462187500000001 0.37177199413489737 0.11812604166666667 0.37390029325513197 0.10729166666666666 0.37700073313782995 0.09473541666666667 0.378374633431085 0.08399270833333333 0.3778592375366569 0.07190625 0.37679838709677416 0.06135104166666667 0.37506158357771263 0.04693020833333333 0.3687558651026393 0.03783541666666667 0.3636378299120235 0.029780208333333332 0.3523057184750733 0.01951666666666667 0.33375366568914955 0.011071875 0.31282551319648094 0.008992708333333332 0.2918057184750733 0.022114583333333333 0.27937683284457476 0.040433333333333335
0 0.6518519061583578 0.13510104166666667 0.6563621700879766 0.1749625 0.6738321114369501 0.20960208333333333 0.6933555718475073 0.22679895833333333 0.7230601173020528 0.22517708333333333 0.7497162756598241 0.19770104166666666 0.7635395894428153 0.16750416666666668 0.7629692082111438 0.131921875 0.7499318181818182 0.09673854166666666 0.726158357771261 0.06843229166666666 0.7047910557184751 0.06246354166666667 0.6799068914956012 0.07308229166666667 0.6577895894428153 0.10728020833333334
0 0.48078885630498536 0.5232208333333334 0.4849208211143695 0.5596739583333333 0.48826979472140764 0.571684375 0.4934017595307918 0.5831427083333334 0.5175953079178885 0.6018927083333333 0.532991202346041 0.6018927083333333 0.5511906158357771 0.6008104166666667 0.5675007331378299 0.5893499999999999 0.5837895894428152 0.5383593750000001 0.5804508797653959 0.507546875 0.5721876832844576 0.482821875 0.5549457478005865 0.463446875 0.5285058651026393 0.4588427083333333 0.5085975073313783 0.469509375 0.4936224340175953 0.48739062499999997
0 0.36972653958944285 0.5333302083333333 0.3638563049853373 0.56224375 0.37317375366568917 0.6009104166666667 0.4087008797653959 0.6208947916666666 0.45620527859237536 0.6107270833333334 0.47594794721407624 0.5658770833333333 0.4744890029325513 0.5227885416666667 0.45358357771261 0.498259375 0.43720234604105573 0.4899229166666667 0.41067448680351903 0.49093125 0.38518475073313785 0.5046791666666667
0 0.26466275659824046 0.5770833333333333 0.2631964809384164 0.6125 0.2668621700879765 0.6302083333333334 0.2749266862170088 0.6541666666666667 0.30120527859237534 0.6753927083333333 0.3490366568914956 0.6656052083333334 0.3687683284457478 0.6322916666666667 0.3723394428152493 0.6009593750000001 0.3628057184750733 0.5626604166666667 0.3379706744868035 0.5392947916666666 0.3105175953079179 0.534790625 0.28470894428152493 0.5495125000000001
0 0.5151187683284457 0.7282645833333333 0.5088482404692082 0.7599854166666666 0.5117807917888563 0.7787354166666667 0.5315755131964809 0.8162354166666667 0.5450953079178885 0.8255833333333332 0.5598702346041056 0.828303125 0.5821620234604106 0.82456875 0.596091642228739 0.8079020833333334 0.6106803519061583 0.7807020833333334 0.6144200879765396 0.7297770833333334 0.6078218475073314 0.7006104166666667 0.5916928152492669 0.68394375 0.5814288856304985 0.6797770833333333 0.5638335777126099 0.67456875 0.5555124633431086 0.6777927083333334 0.541799853372434 0.6873125000000001 0.529150293255132 0.702878125
0 0.6708394428152492 0.7062760416666667 0.6654912023460411 0.7251479166666667 0.664974340175953 0.745859375 0.6710043988269795 0.7682354166666666 0.6912793255131965 0.7908281250000001 0.7130197947214076 0.803759375 0.7336774193548387 0.8015635416666667 0.7500183284457478 0.786484375 0.7580505865102639 0.7661333333333334 0.7625139296187683 0.7445802083333334 0.7593533724340176 0.7088312499999999 0.7388262463343108 0.6830864583333334 0.7107441348973608 0.6733885416666666 0.6828211143695015 0.68486875
0 0.049725073313782994 0.7862427083333333 0.052495601173020524 0.8260416666666667 0.05762756598240469 0.85625 0.067158357771261 0.8708333333333333 0.08402052785923754 0.8802083333333334 0.10014956011730207 0.8822916666666667 0.13221554252199413 0.8739718750000001 0.14845601173020528 0.8517447916666666 0.1564384164222874 0.8243010416666666 0.1590615835777126 0.7765593749999999 0.151708211143695 0.7520302083333333 0.1390058651026393 0.7322916666666667 0.12580938416422288 0.7229166666666667 0.08710117302052786 0.7165229166666667 0.0542741935483871 0.747821875
0 0.9362170087976539 0.346875 0.9369501466275659 0.39375 0.9457478005865103 0.41770833333333335 0.9611436950146628 0.4354166666666667 0.999266862170088 0.4375 0.999266862170088 0.3 0.9655425219941349 0.30625 0.9450146627565983 0.325
0 0.7566297653958943 0 0.6630205278592376 0 0.6664538123167155 0.016666666666666666 0.6728577712609971 0.028711458333333332 0.6823211143695015 0.04151354166666667 0.6986532258064516 0.049759375 0.72266642228739 0.047513541666666666 0.7389721407624633 0.03705208333333333 0.7499266862170088 0.02088125 0.7558966275659823 0.005208333333333333
0 0.29769208211143694 0.9567072916666667 0.2843475073313783 0.9823197916666667 0.2857441348973607 0.9989583333333333 0.3748218475073314 0.9989583333333333 0.3778071847507331 0.9757354166666666 0.3583739002932551 0.9453666666666667 0.3246217008797654 0.9360406250000001
0 0.6775696480938417 0.5579385416666667 0.6879868035190616 0.6003739583333334 0.6873570381231671 0.653571875 0.6667382697947214 0.6804364583333334 0.6340527859237536 0.68931875 0.5989200879765396 0.6777166666666666 0.5806334310850441 0.6447187499999999 0.5759897360703812 0.6004916666666666 0.5964618768328446 0.5524510416666666 0.6138152492668622 0.5354781249999999 0.6339435483870968 0.5371364583333332 0.6600300586510264 0.5436697916666666
0 0.005475073313782991 0.5927916666666667 0 0.606215625 0 0.718715625 0.016129032258064516 0.7353822916666667 0.03225806451612903 0.7426739583333333 0.05075073313782991 0.7424854166666666 0.08400513196480938 0.71131875 0.0913475073313783 0.6942052083333333 0.09395967741935483 0.6668354166666667 0.09235557184750733 0.6287031249999999 0.08256891495601172 0.601296875 0.06506891495601173 0.5870531250000001 0.04147287390029326 0.5813760416666667 0.025698680351906155 0.5836385416666666