0 0.15762463343108504 0.29375 0.156158357771261 0.3104166666666667 0.16495601173020527 0.3416666666666667 0.17155425219941348 0.35625 0.19208211143695014 0.3854166666666667 0.20527859237536658 0.39166666666666666 0.22434017595307917 0.3875 0.24633431085043989 0.371875 0.2595307917888563 0.3489583333333333 0.2631964809384164 0.31875 0.26173020527859236 0.28229166666666666 0.2565982404692082 0.2625 0.24193548387096775 0.23958333333333334 0.23607038123167157 0.23541666666666666 0.2287866568914956 0.230634375 0.2126099706744868 0.22708333333333333 0.19501466275659823 0.23020833333333332 0.16642228739002932 0.259375
0 0.2558651026392962 0.20416666666666666 0.25513196480938416 0.22083333333333333 0.2615850439882698 0.25325000000000003 0.27201026392961875 0.2697802083333333 0.2895894428152493 0.2833333333333333 0.3214882697947214 0.280725 0.3489941348973607 0.26134479166666663 0.36293475073313786 0.22884374999999998 0.3609208211143695 0.18994375 0.3562199413489736 0.16751145833333334 0.34933724340175953 0.15175625 0.3347199413489736 0.14016041666666668 0.3074545454545454 0.13195208333333333 0.29105571847507333 0.13854166666666667 0.2602639296187683 0.17395833333333333
0 0.3101173020527859 0.346875 0.3101173020527859 0.378125 0.3196480938416422 0.403125 0.32991202346041054 0.42083333333333334 0.3555718475073314 0.4354166666666667 0.3936950146627566 0.4354166666666667 0.4039589442815249 0.42916666666666664 0.41348973607038125 0.409375 0.4252199413489736 0.36666666666666664 0.4237536656891496 0.3229166666666667 0.4149560117302053 0.3020833333333333 0.4002932551319648 0.2833333333333333 0.37683284457478006 0.265625 0.3563049853372434 0.2708333333333333 0.33724340175953077 0.2864583333333333 0.31744868035190615 0.3125
0 0.23648533724340173 0.02886875 0.23704618768328448 0.0615875 0.24105571847507332 0.0843875 0.24780058651026393 0.09479166666666666 0.2595307917888563 0.11145833333333334 0.2647925219941349 0.11767604166666666 0.269925219941349 0.11995625 0.2864442815249267 0.1232625 0.3045674486803519 0.123034375 0.3191627565982405 0.11904479166666666 0.3280637829912023 0.11482916666666668 0.33447947214076246 0.10365625 0.34025293255131966 0.08803854166666666 0.3416422287390029 0.08020833333333334 0.34750733137829914 0.052083333333333336 0.34824046920821117 0.03854166666666667 0.3421774193548387 0.015191666666666666 0.3225806451612903 0 0.24853372434017595 0
0 0.14882697947214077 0.10654479166666667 0.14546774193548387 0.11819791666666667 0.13709677419354838 0.139878125 0.13600513196480937 0.15011770833333332 0.13709677419354838 0.15446145833333333 0.1497976539589443 0.19457916666666666 0.17375366568914957 0.21904479166666666 0.19208211143695014 0.224253125 0.21627565982404692 0.22008645833333332 0.2331019061583578 0.20072708333333333 0.24567155425219941 0.18341145833333333 0.25231524926686216 0.155596875 0.250733137829912 0.14196145833333332 0.24282038123167154 0.11499375 0.23664516129032256 0.104278125 0.2283856304985337 0.08878541666666666 0.2126099706744868 0.071128125 0.19281524926686217 0.068003125 0.17888563049853373 0.07216979166666666
0 0.0344574780058651 0.315625 0.03519061583577713 0.35625 0.04252199413489736 0.371875 0.04883651026392962 0.384846875 0.06399266862170087 0.4025166666666667 0.08064516129032258 0.4114583333333333 0.10625366568914957 0.41596875 0.1307126099706745 0.40354270833333333 0.14222873900293256 0.3885416666666667 0.15175953079178886 0.36354166666666665 0.1495601173020528 0.3 0.13151392961876832 0.26642083333333333 0.1091407624633431 0.2478385416666667 0.07987096774193549 0.24738333333333334 0.05278592375366569 0.27395833333333336 0.041788856304985335 0.29270833333333335
0 0.09897360703812316 0.5470364583333333 0.09970674486803519 0.5876614583333333 0.10483870967741936 0.6032864583333333 0.1348973607038123 0.641828125 0.156158357771261 0.644953125 0.1781524926686217 0.6376614583333333 0.1935483870967742 0.6178697916666667 0.2056642228739003 0.56421875 0.20865689149560118 0.5338822916666667 0.2054640762463343 0.5216291666666667 0.19574780058651026 0.5032864583333333 0.17801026392961877 0.48237291666666665 0.15573240469208213 0.4688916666666667 0.134 0.4798364583333333 0.12052785923753666 0.49499791666666665 0.10729618768328446 0.514246875
0 0.1972140762463343 0.653125 0.20460117302052788 0.6972166666666666 0.21403225806451612 0.7221822916666666 0.2280058651026393 0.7354166666666667 0.24633431085043989 0.7385416666666667 0.27184457478005863 0.7375833333333334 0.29783651026392965 0.7141385416666667 0.30160117302052786 0.7087875 0.30644134897360703 0.6929875 0.3064516129032258 0.6291666666666667 0.3027859237536657 0.609375 0.2866568914956012 0.584375 0.27126099706744866 0.5739583333333333 0.2492939882697947 0.57396875 0.22067448680351906 0.5822916666666667 0.21556524926686219 0.5867822916666667 0.209433284457478 0.5996614583333333 0.20381231671554254 0.6197916666666666
0 0.10909310850439882 0.7451864583333333 0.10703812316715543 0.771875 0.11730205278592376 0.821875 0.12754838709677419 0.8424916666666667 0.14222873900293256 0.8572916666666667 0.15689149560117302 0.8614583333333333 0.18621700879765396 0.8572916666666667 0.20821114369501467 0.8447916666666667 0.2126099706744868 0.8364583333333333 0.21774193548387097 0.7979166666666667 0.22217741935483873 0.775334375 0.21700879765395895 0.7427083333333333 0.18548387096774194 0.6979166666666666 0.15835777126099707 0.6927083333333334 0.1501268328445748 0.6952572916666667 0.13963929618768328 0.7008614583333334 0.12436656891495601 0.71436875
0 0.5065982404692082 0.03229166666666667 0.501466275659824 0.06458333333333334 0.5087976539589443 0.09375 0.5271260997067448 0.12291666666666666 0.5439882697947214 0.13854166666666667 0.5615835777126099 0.140625 0.594574780058651 0.11458333333333333 0.6121700879765396 0.06041666666666667 0.6085043988269795 0.03125 0.6011730205278593 0.0125 0.5887096774193549 0 0.5278592375366569 0 0.5161290322580645 0.013541666666666667
0 0.6187683284457478 0.06666666666666667 0.6195014662756598 0.11041666666666666 0.6224340175953079 0.12604166666666666 0.6436950146627566 0.165625 0.657624633431085 0.175 0.6876832844574781 0.17708333333333334 0.7082111436950147 0.16145833333333334 0.7280058651026393 0.12604166666666666 0.7309384164222874 0.11145833333333334 0.7302052785923754 0.08333333333333333 0.7243401759530792 0.057291666666666664 0.7221730205278593 0.047522916666666665 0.7169442815249267 0.041178124999999996 0.7100579178885631 0.03066354166666667 0.6989633431085044 0.025406250000000002 0.6854838709677419 0.021875 0.6656891495601173 0.021875 0.6400293255131965 0.034375 0.6326979472140762 0.041666666666666664
0 0.532991202346041 0.21458333333333332 0.532991202346041 0.2635416666666667 0.5615835777126099 0.30625 0.5740469208211144 0.309375 0.591642228739003 0.30833333333333335 0.6195014662756598 0.29270833333333335 0.6392961876832844 0.25625 0.6458944281524927 0.221875 0.6444281524926686 0.18958333333333333 0.6341642228739003 0.16979166666666667 0.6231671554252199 0.15729166666666666 0.592375366568915 0.14270833333333333 0.5718475073313783 0.14583333333333334 0.5571847507331378 0.15833333333333333 0.5469208211143695 0.171875 0.5373900293255132 0.19479166666666667
0 0.8167155425219942 0 0.8123167155425219 0.023958333333333335 0.8218475073313783 0.053125 0.8372434017595308 0.06770833333333333 0.8533724340175953 0.07395833333333333 0.8709677419354839 0.07291666666666667 0.8896129032258064 0.06402604166666667 0.9051708211143695 0.05459895833333333 0.9112903225806451 0.0375 0.9149904692082111 0.026680208333333334 0.9164222873900293 0.014583333333333334 0.9167756598240469 0.00764375 0.9149560117302052 0
0 0.8622807917888563 0.3552354166666667 0.856359237536657 0.38339166666666663 0.8570381231671554 0.4114583333333333 0.8643225806451612 0.42981458333333333 0.8784120234604106 0.4515854166666667 0.892909090909091 0.460003125 0.9196576246334311 0.46493854166666665 0.9325212609970674 0.4565197916666667 0.9374215542521994 0.44984375000000004 0.9521231671554251 0.42778229166666665 0.9604948680351906 0.40920520833333335 0.9598819648093841 0.3900677083333333 0.9557983870967742 0.358428125 0.9406158357771262 0.325 0.9190447214076246 0.31488645833333334 0.8894376832844575 0.31604791666666665 0.8698357771260996 0.33781875
0 0.88408211143695 0.644134375 0.8799596774193549 0.6739520833333333 0.8818995601173021 0.694634375 0.88808284457478 0.7092854166666667 0.8962060117302052 0.7282437500000001 0.9199692082111437 0.7430666666666668 0.942640762463343 0.7423770833333333 0.9613115835777126 0.7303125 0.9732507331378298 0.7001604166666666 0.9741634897360704 0.6663677083333333 0.9746480938416423 0.6529239583333334 0.9710109970674488 0.6343093750000001 0.9576744868035191 0.6158677083333333 0.9376700879765396 0.6058708333333332 0.9199692082111437 0.6067416666666666 0.9009340175953079 0.6157041666666667
0 0.7368035190615836 0.6875 0.7356840175953079 0.7203125 0.7469596774193548 0.7634020833333334 0.7589626099706744 0.7723645833333334 0.7759354838709678 0.7773625000000001 0.7955769794721407 0.7758114583333333 0.8206737536656891 0.761678125 0.8387096774193549 0.721875 0.8392228739002933 0.7097989583333334 0.8387382697947214 0.7041114583333333 0.8394428152492669 0.6927083333333334 0.831099706744868 0.669984375 0.8204310850439882 0.6536104166666666 0.8043057184750734 0.6417177083333333 0.7826041055718475 0.6380979166666666 0.7661151026392962 0.6420625 0.7513240469208211 0.656540625
0 0.6214758064516129 0.7242791666666667 0.621233870967742 0.7637489583333333 0.6326979472140762 0.79375 0.6416019061583578 0.805459375 0.6611217008797654 0.8142489583333333 0.6750645161290323 0.8189031250000001 0.6939772727272727 0.8128708333333333 0.7063438416422287 0.804253125 0.7189530791788856 0.77633125 0.7273189149560118 0.7339312499999999 0.719316715542522 0.7077322916666666 0.7075564516129033 0.6839479166666667 0.6976151026392962 0.6761916666666666 0.6783379765395895 0.6742958333333333 0.6591818181818182 0.6744677083333334 0.6406319648093841 0.6920479166666667
0 0.5173306451612903 0.71204375 0.5064193548387097 0.7284177083333333 0.5042368035190615 0.7353124999999999 0.5027822580645162 0.768921875 0.5153958944281525 0.7979166666666667 0.5359237536656891 0.8229166666666666 0.5535813782991202 0.8252822916666667 0.5603709677419355 0.8254552083333333 0.5835777126099707 0.8197916666666667 0.5967741935483871 0.8010416666666667 0.6054721407624634 0.7901197916666667 0.6120190615835777 0.7728833333333333 0.6150505865102639 0.7556499999999999 0.613717008797654 0.7420322916666666 0.6122617302052786 0.7289322916666666 0.6094736070381231 0.7144552083333333 0.6045021994134898 0.7056645833333334 0.5887412023460411 0.689290625 0.5676458944281525 0.6855010416666667 0.5435190615835778 0.6846395833333333 0.528 0.6960145833333333
0 0.4406429618768329 0.8641114583333334 0.43841642228739003 0.903125 0.4385322580645161 0.9124625000000001 0.43914956011730205 0.9197916666666667 0.4403651026392962 0.9289531249999999 0.44631011730205283 0.94388125 0.4580887096774193 0.9504364583333333 0.47020087976539593 0.9524906249999999 0.5036656891495601 0.95625 0.5178152492668622 0.9523322916666667 0.5287052785923754 0.9376416666666666 0.5366568914956011 0.9 0.537650293255132 0.8777895833333333 0.5362609970674487 0.8569375 0.5351906158357771 0.8447916666666667 0.5249824046920821 0.8258177083333333 0.5175953079178885 0.8166666666666667 0.5021994134897361 0.8125 0.4952030791788856 0.8117791666666666 0.4856466275659824 0.8103583333333333 0.4667008797653959 0.8163604166666667 0.4496436950146627 0.833184375
0 0.0004398826979472141 0.22265208333333333 0.017688416422287388 0.26322708333333333 0.015535190615835777 0.32953229166666664 0 0.37414270833333335