0 0.2411407624633431 0.23798958333333334 0.2759032258064516 0.283534375 0.28192008797653956 0.32583749999999995 0.2704435483870968 0.3698875 0.2443108504398827 0.39209166666666667 0.20772653958944282 0.395465625 0.17431158357771262 0.3764645833333333 0.16194721407624632 0.34952395833333333 0.16223460410557186 0.2842083333333333 0.1825366568914956 0.2544177083333333 0.22109237536656892 0.23760937499999998
0 0.11104032258064517 0.24249791666666667 0.07711143695014663 0.24711041666666667 0.061175219941348974 0.2770739583333333 0.05037903225806452 0.32896145833333335 0.0550058651026393 0.3764645833333333 0.08379398826979473 0.41519791666666667 0.1290131964809384 0.41039895833333334 0.15141129032258066 0.38066666666666665 0.16008211143695014 0.3486364583333333 0.16049046920821114 0.28446041666666666 0.15061876832844573 0.26776875 0.13394208211143696 0.2501947916666667
0 0.2269318181818182 0.057907291666666666 0.2728093841642229 0.1331125 0.23846480938416423 0.21251666666666666 0.2178841642228739 0.22265625 0.19123607038123167 0.22153124999999999 0.15987756598240468 0.20326041666666667 0.14753958944281526 0.16160416666666666 0.14702565982404692 0.11848645833333334 0.15782111436950147 0.07536770833333332 0.1819824046920821 0.058559375 0.20203152492668625 0.054173958333333334
0 0.24778445747800587 0 0.2354464809384164 0.03298020833333334 0.2318482404692082 0.06294375 0.2742096774193548 0.13280625 0.3413460410557185 0.13017916666666665 0.3619090909090909 0.09436874999999999 0.36550733137829916 0.05636666666666667 0.3593387096774193 0.01105625 0.35265542521994137 0
0 0.34227712609970673 0.13157708333333332 0.3589948680351906 0.14479479166666664 0.36958357771260997 0.16480208333333335 0.3762668621700879 0.21815104166666668 0.3630373900293255 0.26132916666666667 0.3260681818181818 0.2904125 0.27807844574780055 0.2824635416666667 0.2429156891495601 0.23737083333333334 0.240024926686217 0.21264687499999999 0.2737096774193548 0.13490729166666665
0 0.32639882697947215 0.2921229166666667 0.31050146627565983 0.3443083333333333 0.31821260997067446 0.39108125 0.33620527859237537 0.42616041666666665 0.36910630498533725 0.44150729166666663 0.41074633431085045 0.43054479166666665 0.43542155425219936 0.407159375 0.43953445747800585 0.364040625 0.43953445747800585 0.31726875 0.42051319648093843 0.290959375 0.39275366568914954 0.27415 0.36356891495601174 0.26336770833333334
0 0.5651686217008798 0.1658 0.5557368035190615 0.179875 0.5356876832844575 0.21714687500000002 0.5444266862170087 0.27122708333333334 0.5675601173020528 0.3026520833333333 0.6138269794721407 0.3150760416666667 0.6451854838709677 0.29534374999999996 0.659065982404692 0.2566104166666667 0.6556268328445748 0.21204895833333334 0.6352360703812316 0.17032187499999998 0.6039347507331378 0.15831770833333333
0 0.6785791788856305 0.015440625000000001 0.714050586510264 0.022017708333333334 0.7382118768328446 0.060751041666666665 0.7515777126099707 0.10533125 0.7418108504398827 0.14918020833333331 0.7166209677419355 0.18718333333333334 0.6627631964809384 0.18870520833333335 0.6368079178885631 0.17052604166666668 0.6183951612903226 0.14772291666666665 0.6453724340175954 0.028071875000000003 0.6616151026392961 0.013247916666666667
0 0.5305007331378299 0.004382291666666666 0.5150784457478006 0.03882708333333333 0.5078812316715543 0.079021875 0.5166209677419356 0.120678125 0.5407822580645161 0.14771875 0.5640366568914956 0.16269375 0.6038255131964809 0.15533333333333335 0.6159926686217009 0.14546979166666668 0.64383431085044 0.025778125 0.6394846041055718 0.008863541666666667 0.6245762463343109 0
0 0.16758870967741937 0.4806135416666667 0.19946114369501466 0.48974166666666663 0.21539736070381232 0.5153197916666666 0.22225953079178884 0.5428854166666667 0.21914369501466274 0.58305625 0.2031891495601173 0.6365708333333333 0.18249633431085044 0.6461364583333334 0.1434266862170088 0.6402895833333333 0.11566715542521995 0.62275 0.10075879765395894 0.5803625 0.10281524926686218 0.5401677083333334 0.11463856304985337 0.5036270833333334 0.13725806451612904 0.48316458333333334 0.16398973607038123 0.47951041666666666
0 0.23955938416422287 0.57013125 0.27605865102639293 0.5708625 0.31204398826979474 0.60301875 0.31924046920821114 0.64394375 0.32078299120234605 0.6885239583333332 0.30174633431085046 0.7250197916666666 0.27070527859237536 0.74620625 0.23127932551319647 0.7384854166666667 0.20342228739002935 0.6879197916666667 0.2030593841642229 0.6570989583333334 0.20599266862170088 0.6365020833333334 0.22013856304985338 0.5867229166666666
0 0.14650953079178886 0.6903614583333333 0.11807844574780059 0.7237197916666667 0.11202639296187683 0.7594135416666667 0.11973753665689149 0.8215333333333333 0.14184310850439882 0.851496875 0.17577199413489736 0.860996875 0.21278519061583576 0.851496875 0.22817228739002932 0.8196177083333333 0.23800366568914957 0.7804177083333333 0.22941495601173023 0.7406760416666667 0.20119428152492666 0.6887604166666667 0.18399706744868036 0.6797541666666667
0 0.5706231671554253 0.6753697916666667 0.6204890029325513 0.6943708333333334 0.6302558651026393 0.7287187500000001 0.6287140762463344 0.7842614583333333 0.6153482404692082 0.8215333333333333 0.5937565982404692 0.8310333333333334 0.5690813782991202 0.828840625 0.5377228739002933 0.8083781250000001 0.5279552785923753 0.7813374999999999 0.5228145161290323 0.733834375 0.5351524926686216 0.69729375 0.5495461876832844 0.6797541666666667
0 0.5017375366568915 0.8019958333333334 0.47911803519061585 0.809109375 0.45547067448680345 0.8266489583333333 0.44416129032258067 0.8668437499999999 0.4426187683284457 0.9026541666666666 0.4544428152492669 0.9384635416666666 0.4822023460410558 0.9662354166666667 0.5089347507331379 0.9640427083333333 0.5279552785923753 0.9545416666666667 0.5418350439882698 0.9340791666666667 0.5495461876832844 0.9085 0.5546869501466275 0.8902302083333333 0.5510887096774193 0.8558812499999999 0.5449193548387097 0.82445625 0.5264127565982405 0.8098395833333334
0 0.704282991202346 0.664678125 0.72741642228739 0.6797541666666667 0.7428387096774194 0.7111791666666666 0.7418108504398827 0.7462583333333334 0.7397543988269795 0.7864541666666667 0.7284442815249267 0.8127635416666668 0.7089098240469208 0.82445625 0.6868042521994135 0.8251875 0.6662412023460411 0.8208020833333334 0.6505623167155425 0.8003395833333333 0.6410520527859237 0.765990625 0.6348826979472141 0.7331041666666667 0.6425938416422288 0.703140625 0.6564743401759531 0.6856010416666667 0.682692082111437 0.6687916666666667
0 0.8014435483870969 0.6359052083333334 0.8220065982404693 0.6475979166666667 0.849766129032258 0.6761 0.8523365102639296 0.6994864583333332 0.8518225806451613 0.7396812500000001 0.8369142228739003 0.7652604166666667 0.8230344574780059 0.7813374999999999 0.7942463343108505 0.787915625 0.773683284457478 0.78206875 0.7592888563049854 0.7572208333333333 0.7531202346041056 0.7155645833333334 0.7546620234604104 0.6804854166666666 0.7644296187683285 0.6556375 0.7834508797653958 0.6461364583333334
0 0.9263636363636363 0.319921875 0.9602925219941348 0.333378125 0.9685175953079179 0.364071875 0.9741722873900293 0.3925739583333333 0.9659472140762463 0.4225375 0.9587499999999999 0.45250104166666666 0.9361312316715543 0.4627322916666667 0.9104274193548387 0.464925 0.8898643695014663 0.4532322916666667 0.8718717008797654 0.4261916666666667 0.8672448680351906 0.39915104166666665 0.8698152492668623 0.3611489583333333 0.8878079178885631 0.3311854166666667 0.912483137829912 0.3194927083333334
0 0.8250909090909091 0 0.8312595307917888 0.04324270833333333 0.8435975073313783 0.068821875 0.866217008797654 0.089284375 0.8991173020527858 0.09147708333333333 0.9284200879765396 0.07174479166666667 0.937159090909091 0.044705208333333336 0.942299853372434 0.025703125 0.9443563049853373 0.0023177083333333335
0 0.9345887096774194 0.590175 0.9032302052785924 0.6096270833333333 0.8939765395894428 0.6461677083333334 0.8847236070381231 0.6892864583333334 0.8950051319648095 0.7192500000000001 0.9171099706744869 0.7484822916666667 0.9536092375366568 0.7455593749999999 0.9752008797653959 0.7258270833333333 0.9839398826979473 0.7002489583333333 0.987024193548387 0.6680927083333333 0.9844538123167156 0.6359364583333333 0.972115835777126 0.618396875 0.9541239002932551 0.5964729166666667