0 0.42008797653958946 0.096875 0.4178885630498534 0.13020833333333334 0.42302052785923755 0.16770833333333332 0.43255131964809385 0.184375 0.4508797653958944 0.2 0.46994134897360706 0.203125 0.49853372434017595 0.20104166666666667 0.5168621700879765 0.18333333333333332 0.5285923753665689 0.15416666666666667 0.531524926686217 0.09895833333333333 0.5278592375366569 0.08541666666666667 0.5131964809384164 0.05625 0.4970674486803519 0.041666666666666664 0.4567448680351906 0.041666666666666664 0.4435483870967742 0.04895833333333333 0.4274193548387097 0.07291666666666667
0 0.5821114369501467 0 0.5835777126099707 0.016666666666666666 0.5960410557184751 0.036458333333333336 0.6231671554252199 0.04791666666666667 0.6502932551319648 0.04479166666666667 0.6744868035190615 0.014583333333333334 0.6774193548387096 0.005208333333333333 0.6759530791788856 0
0 0.8167155425219942 0.14166666666666666 0.8159824046920822 0.16979166666666667 0.8255131964809385 0.20729166666666668 0.844574780058651 0.23229166666666667 0.8570381231671554 0.2375 0.8826979472140762 0.23645833333333333 0.908357771260997 0.21666666666666667 0.9171554252199413 0.19895833333333332 0.9200879765395894 0.184375 0.9193548387096774 0.13541666666666666 0.9105571847507331 0.1125 0.8929618768328446 0.09166666666666666 0.8804985337243402 0.0875 0.8643695014662757 0.08854166666666667 0.841642228739003 0.096875 0.8247800586510264 0.115625 0.8181818181818182 0.13020833333333334
0 0.38746774193548383 0.6372177083333334 0.388475073313783 0.6696635416666666 0.39580645161290323 0.7019552083333332 0.4130520527859238 0.7302552083333332 0.46345014662756595 0.7386343750000001 0.4804274193548387 0.72426875 0.4908966275659824 0.7034395833333333 0.4962463343108504 0.6852885416666666 0.4984457478005865 0.6279968749999999 0.49038123167155423 0.5957052083333333 0.48653739002932544 0.5867208333333332 0.4793841642228739 0.5769552083333332 0.47131964809384164 0.5665385416666666 0.44565982404692084 0.5571635416666666 0.42879765395894426 0.5613302083333332 0.40498387096774197 0.5830760416666667
0 0.007535923753665689 0.5901489583333334 0 0.5909854166666667 0 0.7418010416666667 0.009067448680351906 0.7433072916666668 0.020371700879765395 0.7315895833333333 0.030027126099706744 0.7163697916666667 0.03485557184750733 0.7043166666666667 0.0373900293255132 0.6875 0.04105571847507331 0.6614583333333334 0.0381524926686217 0.6308270833333334 0.02932551319648094 0.6145833333333334 0.015896627565982403 0.5953385416666667
0 0.08577712609970674 0.32395833333333335 0.08357771260997067 0.34479166666666666 0.08504398826979472 0.3854166666666667 0.0950124633431085 0.4151666666666667 0.10910703812316716 0.4276020833333333 0.12951832844574782 0.441075 0.15041642228739002 0.4414208333333333 0.1608541055718475 0.43540833333333334 0.16839882697947214 0.4293302083333333 0.17086290322580644 0.4224864583333333 0.17763269794721406 0.41309375 0.1856517595307918 0.39098437500000005 0.18841642228739003 0.37604166666666666 0.19099780058651028 0.34538541666666667 0.18759530791788856 0.3322572916666667 0.17301539589442816 0.30807604166666663 0.15503372434017595 0.2852760416666667 0.1365659824046921 0.28493124999999997 0.11217008797653959 0.2864583333333333 0.10337243401759531 0.29270833333333335
0 0.07038123167155426 0.04375 0.0718475073313783 0.11770833333333333 0.08944281524926687 0.153125 0.1063049853372434 0.1625 0.1466275659824047 0.15833333333333333 0.15762463343108504 0.14791666666666667 0.17302052785923755 0.121875 0.17763269794721406 0.097471875 0.17495967741935484 0.06707291666666666 0.1725293255131965 0.0422 0.15835777126099707 0.013541666666666667 0.14076246334310852 0.005208333333333333 0.10703812316715543 0.005208333333333333 0.08064516129032258 0.025
0 0.6665293255131964 0.4425458333333333 0.6945043988269795 0.458615625 0.7103365102639296 0.49283750000000004 0.707400293255132 0.5487208333333334 0.6997609970674488 0.5779010416666667 0.6592602639296188 0.600784375 0.630184017595308 0.5954614583333334 0.6085967741935484 0.5669645833333333 0.6006671554252199 0.5356500000000001 0.6006671554252199 0.49932499999999996 0.6085967741935484 0.46675729166666663 0.6304039589442815 0.4457770833333334 0.6541935483870968 0.4392010416666666
0 0.7727478005865103 0.41312604166666667 0.7954362170087976 0.42354375 0.8134992668621701 0.4457770833333334 0.8256143695014663 0.4698895833333333 0.8311209677419354 0.5140427083333333 0.826274926686217 0.5450447916666668 0.8217184750733139 0.56751875 0.7828958944281524 0.5894239583333333 0.7554567448680352 0.585440625 0.7289134897360704 0.5716625000000001 0.7154288856304986 0.5521677083333334 0.7137030791788856 0.49545208333333335 0.7229655425219942 0.467384375 0.7397067448680352 0.43794791666666666 0.7568885630498533 0.416340625
0 0.8379266862170088 0.5754197916666667 0.8584127565982405 0.585440625 0.8716290322580645 0.6120583333333334 0.8788980938416422 0.6342916666666666 0.8804398826979473 0.6756270833333333 0.8751532258064516 0.700365625 0.8676642228739002 0.7175885416666666 0.8557690615835777 0.735125 0.8374860703812316 0.7404479166666668 0.812374633431085 0.7395083333333333 0.791008064516129 0.7251041666666667 0.7692082111436951 0.6921541666666666 0.769200879765396 0.6220791666666667 0.7830784457478005 0.5923302083333333 0.8218467741935485 0.5710354166666666
0 0.7163350439882699 0.583875 0.6995938416422287 0.582621875 0.6611165689149561 0.604071875 0.6504728739002933 0.6342916666666666 0.6504728739002933 0.6746875 0.6617067448680352 0.7150833333333334 0.6824127565982405 0.73825625 0.7130307917888563 0.7467114583333333 0.7456312316715543 0.7373166666666666 0.7628130498533725 0.7128916666666666 0.7675953079178885 0.6925802083333333 0.7678299120234604 0.6224916666666667 0.7601693548387097 0.6076739583333333 0.7377016129032258 0.5910770833333333
0 0.4116290322580645 0.7331749999999999 0.37953445747800585 0.7563083333333334 0.36499633431085043 0.7863708333333334 0.3571825513196481 0.8263510416666667 0.37170381231671556 0.9002374999999999 0.39666642228739 0.923203125 0.425791788856305 0.9182052083333333 0.4678643695014663 0.9094374999999999 0.4894516129032258 0.8621520833333334 0.4929758064516129 0.8183114583333333 0.48702859237536655 0.7700875 0.4731510263929619 0.7487927083333333 0.46401026392961875 0.7425114583333333
0 0.3017639296187683 0.7861916666666667 0.3348049853372434 0.7972760416666667 0.3539897360703812 0.8261114583333333 0.3692287390029325 0.9013208333333333 0.3559516129032258 0.9425760416666668 0.3163020527859237 0.9654364583333332 0.27366055718475074 0.9645906249999999 0.2356576246334311 0.9086197916666666 0.23074853372434018 0.8559354166666666 0.26236290322580647 0.8023416666666667 0.2773130498533724 0.7925791666666666
0 0.21895381231671557 0.9063739583333333 0.19296114369501466 0.9168979166666666 0.1726957478005865 0.9416375 0.16344428152492668 0.9695072916666666 0.1603599706744868 0.9989583333333333 0.27336143695014664 0.9986302083333333 0.2711158357771261 0.9673760416666667 0.2337565982404692 0.9098968749999999
0 0.2139809384164223 0.6877375 0.2443782991202346 0.706596875 0.2633225806451613 0.7457395833333333 0.2654633431085044 0.7795479166666667 0.26048460410557184 0.8029166666666666 0.22916129032258067 0.853559375 0.194816715542522 0.8569072916666667 0.1670623167155425 0.8462604166666666 0.15494721407624634 0.8046114583333334 0.14877932551319648 0.7588916666666666 0.15825073313782992 0.714425 0.18490395894428152 0.6965760416666666