0 0.37353372434017595 0.3302083333333333 0.04032258064516129 0.06041666666666667
0 0.3713343108504399 0.4578125 0.04032258064516129 0.06354166666666666
0 0.2005131964809384 0.4635416666666667 0.038856304985337244 0.06041666666666667
0 0.09818658357771261 0.2737338541666666 0.0614758064516129 0.089134375
0 0.37316715542521994 0.69375 0.045454545454545456 0.06458333333333334
0 0.43255131964809385 0.7885416666666667 0.04105571847507331 0.06041666666666667
0 0.5714809384164223 0.8020833333333334 0.0344574780058651 0.06041666666666667
0 0.7474340175953079 0.47760416666666666 0.04032258064516129 0.05520833333333333
0 0.966642228739003 0.10416666666666667 0.038856304985337244 0.06041666666666667
0 0.9846041055718475 0.03958333333333333 0.02932551319648094 0.058333333333333334
0 0.9820381231671554 0.7770833333333333 0.0344574780058651 0.0625
0 0.6859772727272727 0.9361463541666667 0.037643695014662755 0.04937604166666667
0 0.7156158357771261 0.904503125 0.039736070381231677 0.04233958333333333
0 0.7137390029325513 0.9416609375 0.030117302052785924 0.04165520833333333
0 0.6894255865102639 0.9824130208333333 0.04014149560117302 0.03357604166666666
0 0.5817140762463343 0.015364583333333333 0.03879472140762463 0.030729166666666665
0 0.6081048387096775 0.011790104166666667 0.027060117302052784 0.023580208333333335
0 0.020343841642228737 0.9869416666666667 0.040687683284457474 0.023883333333333333
