0 0.3848973607038123 0.1765625 0.04105571847507331 0.06354166666666666
0 0.4769061583577713 0.37083333333333335 0.032991202346041054 0.052083333333333336
0 0.312316715542522 0.3223958333333333 0.03812316715542522 0.057291666666666664
0 0.27089442815249265 0.3614583333333333 0.04032258064516129 0.0625
0 0.2862903225806452 0.5348958333333333 0.04472140762463343 0.06770833333333333
0 0.3497067448680352 0.6270833333333333 0.04398826979472141 0.06875
0 0.5150293255131965 0.6864583333333333 0.04472140762463343 0.06458333333333334
0 0.6191348973607038 0.45 0.04032258064516129 0.06458333333333334
0 0.9659090909090909 0.09166666666666666 0.03592375366568915 0.05625
0 0.47214076246334313 0.9505208333333334 0.045454545454545456 0.071875
0 0.20234604105571846 0.9505208333333334 0.036656891495601175 0.06145833333333333
0 0.014296187683284457 0.1515625 0.028592375366568914 0.057291666666666664
0 0.41407661290322584 0.7850333333333332 0.04516202346041056 0.07423333333333333
0 0.5580494868035191 0.7200098958333334 0.04278519061583578 0.06293645833333333
0 0.551291788856305 0.76476875 0.04833137829912024 0.06495416666666667
0 0.4063764662756598 0.8320354166666667 0.038559384164222874 0.057820833333333335
