0 0.8966275659824047 0.5932291666666667 0.0469208211143695 0.06354166666666666
0 0.9241202346041055 0.10052083333333334 0.041788856304985335 0.06354166666666666
0 0.7936217008797654 0.5583333333333333 0.041788856304985335 0.06041666666666667
0 0.34494134897360706 0.0265625 0.050586510263929615 0.053125
0 0.5241935483870968 0.5796875 0.04105571847507331 0.057291666666666664
0 0.49560117302052786 0.5057291666666667 0.04398826979472141 0.065625
0 0.3497067448680352 0.5427083333333333 0.04105571847507331 0.058333333333333334
0 0.3313782991202346 0.7916666666666666 0.04985337243401759 0.07083333333333333
0 0.1660557184750733 0.915625 0.04912023460410557 0.07083333333333333
0 0.14809384164222875 0.16822916666666668 0.04838709677419355 0.06979166666666667
0 0.022727272727272728 0.21145833333333333 0.045454545454545456 0.07291666666666667
0 0.36879582111436954 0.8666614583333333 0.033779325513196484 0.04165625
0 0.36893621700879764 0.8995307291666667 0.03845894428152492 0.053228124999999994
0 0.37596554252199416 0.9378994791666667 0.030523460410557184 0.04454895833333334
0 0.34834860703812315 0.9297489583333333 0.035406891495601174 0.04908125
