0 0.5535190615835777 0.3958333333333333 0.11290322580645161 0.15625
0 0.6755865102639296 0.5104166666666666 0.11070381231671554 0.15833333333333333
0 0.7646627565982405 0.32708333333333334 0.10557184750733138 0.14583333333333334
0 0.41678885630498536 0.16770833333333332 0.10777126099706745 0.15625
0 0.3064516129032258 0.4010416666666667 0.10997067448680352 0.16666666666666666
0 0.32855205278592375 0.20912604166666665 0.08965542521994135 0.13283541666666668
0 0.3545564516129032 0.7402973958333334 0.11527126099706744 0.15559479166666668
0 0.31422837243401763 0.8912536458333332 0.11672653958944282 0.18042395833333333
0 0.24324853372434016 0.7650760416666667 0.11992815249266861 0.15931875
0 0.8779054252199413 0.26665729166666663 0.10185190615835776 0.12706458333333334
